fact_id	branch_id	time_id	product_id	customer_id	salesperson_id	total_sales	quantity_sold	discount_given	sales_target_achieved	profit_margin
1	4	193	58	68	51	895.45	91	10.53	False	48.24
2	46	301	76	343	68	781.93	73	22.32	True	58.38
3	17	60	13	256	54	538.74	76	2.91	True	417.43
4	47	332	55	180	93	133.93	90	10.64	True	342.36
5	12	264	125	200	8	313.0	17	1.99	False	358.25
6	39	134	50	300	42	663.74	35	29.15	True	34.52
7	21	355	70	195	41	935.06	43	10.82	True	22.78
8	17	4	17	122	54	194.76	83	44.92	True	424.46
9	14	311	69	180	56	840.87	97	11.03	True	195.57
10	47	331	70	192	80	830.8	83	20.86	False	265.26
11	49	310	6	261	39	439.19	100	37.26	True	65.65
12	44	230	27	267	22	782.82	2	17.1	True	401.65
13	34	317	115	69	14	830.23	39	40.5	False	345.45
14	30	52	192	173	9	331.63	85	28.99	True	43.33
15	27	27	45	83	22	919.22	40	11.98	False	375.87
16	24	257	29	289	15	915.98	92	37.45	True	472.34
17	12	278	91	50	76	523.9	94	3.62	True	400.76
18	22	341	20	462	80	554.23	74	17.26	False	144.28
19	46	205	114	152	73	934.57	20	30.27	False	297.29
20	13	238	122	393	61	697.62	99	23.97	True	435.92
21	12	202	130	212	44	724.96	25	3.07	True	402.91
22	37	298	55	432	33	242.73	94	27.9	False	365.11
23	48	84	33	68	30	867.71	4	22.88	False	62.62
24	38	310	115	189	52	962.32	95	34.61	False	116.48
25	3	248	130	479	19	198.4	100	16.95	False	268.15
26	20	186	64	343	31	903.92	69	29.87	True	401.46
27	14	225	176	108	98	930.43	13	14.92	False	354.31
28	38	197	153	103	67	534.0	89	35.65	False	139.64
29	1	275	157	77	6	182.71	2	1.46	True	368.05
30	6	335	179	81	44	578.37	95	8.8	True	370.46
31	29	174	150	113	37	510.31	98	33.14	False	322.79
32	22	40	190	137	44	469.77	44	27.87	True	106.38
33	6	198	118	130	67	705.74	32	44.02	False	393.59
34	12	31	172	62	50	293.27	64	17.18	True	200.78
35	25	92	76	280	35	748.19	60	23.15	False	351.51
36	2	164	35	226	31	421.89	52	49.98	True	470.34
37	26	84	110	296	97	538.65	55	1.59	True	251.37
38	34	202	56	283	15	303.98	19	11.14	True	409.99
39	20	301	14	222	94	915.66	44	39.87	True	79.98
40	27	185	127	466	11	785.21	54	10.23	False	205.95
41	22	219	155	284	21	675.39	95	12.7	False	359.09
42	40	338	188	226	15	279.81	17	31.14	False	113.36
43	40	160	68	25	58	849.99	8	49.35	False	318.58
44	5	341	112	342	67	169.02	13	35.64	False	185.56
45	39	126	190	430	32	958.32	53	18.76	False	465.6
46	25	339	146	84	30	765.33	81	23.2	False	340.9
47	2	181	26	52	8	560.88	68	20.24	False	146.34
48	3	324	141	271	11	599.59	32	13.24	False	239.11
49	20	222	108	96	47	918.82	94	35.37	False	331.51
50	29	35	81	378	76	445.71	44	19.74	True	204.51
51	6	110	59	252	24	807.88	3	48.33	False	238.19
52	19	208	93	348	89	702.03	59	28.0	False	399.25
53	9	263	17	371	84	102.83	12	33.62	True	196.32
54	40	315	180	206	41	920.63	59	14.34	True	123.12
55	7	174	30	409	37	278.8	62	34.27	True	168.28
56	50	240	52	342	28	354.55	18	14.04	True	76.56
57	8	65	71	455	4	803.82	74	38.51	True	361.32
58	32	150	139	62	95	980.78	87	36.45	True	427.92
59	28	320	184	430	74	845.25	47	39.8	True	417.33
60	19	298	124	101	91	458.46	84	15.57	True	128.89
61	35	154	141	475	33	134.64	21	27.95	False	29.48
62	25	147	28	60	43	882.77	65	48.09	True	34.84
63	1	110	87	82	58	649.44	49	45.18	False	295.32
64	9	335	171	482	91	693.25	64	13.0	False	213.81
65	32	86	151	325	70	645.92	25	39.75	True	425.66
66	36	5	55	471	33	160.63	86	10.88	True	465.5
67	49	108	107	34	12	906.2	53	38.33	True	105.95
68	14	14	26	210	77	468.95	25	10.7	False	472.57
69	34	294	18	80	96	625.4	32	45.22	True	373.13
70	33	306	159	317	41	948.04	93	3.32	True	366.42
71	2	220	130	101	68	751.77	76	0.38	True	27.48
72	16	11	45	41	38	579.81	80	21.57	False	270.19
73	8	299	86	287	95	134.22	29	23.35	False	337.01
74	31	338	167	67	48	613.82	23	26.93	False	416.46
75	14	140	98	310	40	698.27	62	5.46	True	156.57
76	44	124	173	78	70	416.79	82	35.31	True	195.18
77	28	105	81	265	94	523.94	33	49.77	True	461.47
78	37	328	112	452	51	234.47	29	27.11	True	458.89
79	31	109	53	257	56	998.03	44	10.19	False	84.98
80	18	226	193	289	84	120.99	17	38.8	False	417.09
81	16	356	142	274	85	811.78	76	9.69	False	484.09
82	40	158	147	307	37	335.98	86	13.49	False	66.56
83	43	295	77	241	20	932.23	20	49.28	False	456.31
84	39	262	139	46	33	826.09	12	31.72	False	472.58
85	45	299	165	272	28	524.79	98	32.36	False	426.03
86	16	359	97	162	66	350.71	32	32.45	True	182.11
87	25	284	88	361	58	874.64	93	3.53	False	317.03
88	41	95	146	63	43	920.7	52	2.27	True	473.64
89	24	1	150	37	74	277.89	6	38.61	True	58.61
90	33	337	90	474	83	919.25	94	46.7	True	241.21
91	20	104	176	127	65	518.7	43	12.92	True	258.44
92	45	102	57	139	64	524.01	87	46.73	False	31.71
93	43	62	174	159	57	321.56	82	39.34	True	139.14
94	45	50	16	258	34	219.07	44	13.14	False	459.69
95	21	261	122	136	17	498.16	87	28.14	True	302.44
96	9	308	6	104	97	862.33	85	42.27	True	272.86
97	20	18	131	347	13	727.89	7	20.94	False	187.85
98	19	13	105	492	50	622.91	9	45.33	False	353.31
99	27	3	173	268	49	787.5	48	33.34	True	405.58
100	42	130	154	449	38	554.47	81	47.55	False	78.96
101	21	140	179	93	74	686.96	80	0.67	False	217.05
102	21	352	47	116	11	322.02	31	24.89	True	114.76
103	15	187	169	420	46	688.04	16	43.14	True	228.33
104	28	134	67	413	6	973.53	60	36.28	True	417.86
105	19	265	156	187	52	355.38	93	47.79	True	301.0
106	27	14	169	74	48	143.04	66	4.52	False	201.5
107	32	242	143	281	99	170.01	94	16.35	False	78.7
108	3	282	53	446	11	791.3	19	26.32	True	100.54
109	11	28	34	44	59	154.42	2	13.1	True	499.73
110	31	254	98	191	79	291.82	36	16.43	True	314.63
111	20	327	152	37	29	788.85	47	9.99	True	31.96
112	38	306	147	154	67	200.26	94	49.05	True	382.29
113	12	240	176	264	93	939.67	38	2.08	True	127.47
114	47	360	139	210	56	756.04	56	49.28	False	55.86
115	39	360	96	318	43	979.35	5	8.32	True	300.27
116	12	106	101	125	83	948.55	55	40.03	False	248.76
117	15	26	171	388	81	327.41	12	8.6	True	28.7
118	43	215	94	75	63	989.12	43	29.52	False	401.12
119	5	51	172	259	92	921.69	99	15.87	False	387.44
120	25	54	197	211	68	430.95	3	33.72	True	293.04
121	29	145	6	472	92	362.81	24	28.99	True	260.63
122	50	19	85	333	95	970.98	49	37.39	False	325.13
123	42	126	190	34	20	165.71	83	44.89	False	152.09
124	34	112	161	269	35	776.36	67	8.33	False	346.07
125	16	33	78	409	56	888.27	3	3.97	True	73.9
126	50	246	170	49	68	724.99	67	6.17	False	407.29
127	10	264	186	19	54	379.34	43	12.61	False	462.51
128	6	76	95	371	43	854.68	60	15.33	True	219.51
129	21	48	197	441	94	409.84	8	40.73	False	390.52
130	44	273	156	352	65	920.13	17	15.41	True	66.85
131	35	347	37	144	76	478.27	93	20.52	True	105.34
132	33	71	78	366	25	900.01	22	40.79	True	34.73
133	18	42	197	160	60	519.89	97	23.11	False	333.32
134	40	255	103	297	70	656.37	38	36.62	False	371.88
135	9	160	146	6	72	572.66	5	9.12	True	190.47
136	35	18	125	182	66	186.82	94	5.01	False	387.5
137	4	219	106	132	71	100.74	42	30.2	False	389.48
138	1	160	89	180	92	405.08	49	39.69	False	334.32
139	38	14	132	63	66	848.78	81	44.13	False	300.35
140	23	53	86	138	38	319.88	63	6.68	False	138.29
141	10	265	117	169	95	153.55	81	8.52	False	409.2
142	25	10	142	430	75	235.5	40	17.4	False	430.75
143	25	107	35	142	3	574.17	14	15.68	False	144.77
144	19	323	101	348	14	722.37	56	17.91	True	259.39
145	22	158	8	264	71	465.51	73	38.79	True	221.45
146	16	261	77	61	27	639.42	73	30.58	True	279.51
147	36	111	113	251	74	254.4	28	35.03	True	47.26
148	3	4	169	455	95	807.84	27	26.29	False	368.03
149	44	22	172	242	18	850.97	12	45.63	False	140.82
150	12	144	184	289	77	157.24	44	31.45	True	454.29
151	14	229	179	431	5	855.26	98	21.27	False	481.42
152	1	246	150	329	51	405.0	78	33.89	False	167.67
153	12	194	87	478	6	865.06	91	31.57	True	266.28
154	19	84	83	206	37	688.29	96	44.33	True	371.98
155	26	280	38	375	66	332.62	55	17.14	False	387.22
156	37	192	115	449	74	595.18	99	6.72	True	425.87
157	50	346	162	421	2	276.07	58	47.49	True	280.12
158	35	301	105	95	55	535.56	50	3.09	False	154.28
159	29	194	143	289	99	249.33	46	15.61	False	374.83
160	22	358	108	105	54	713.64	30	49.33	False	466.01
161	29	300	28	304	16	490.51	26	40.84	True	204.36
162	14	354	97	358	36	248.25	6	39.46	True	342.34
163	45	213	166	319	80	157.06	62	14.46	True	221.01
164	48	301	152	460	59	813.79	83	15.44	True	498.21
165	9	140	78	139	26	888.26	35	33.89	True	99.61
166	44	238	61	427	35	225.39	58	37.05	True	176.0
167	31	27	38	80	9	213.35	4	8.07	True	216.19
168	20	208	34	148	64	342.78	68	33.1	True	26.31
169	39	263	127	183	36	211.62	33	14.62	False	38.18
170	9	223	80	489	87	163.76	41	1.9	False	106.13
171	20	216	152	298	11	279.02	39	43.59	True	282.61
172	50	289	16	273	35	895.32	97	24.47	True	102.56
173	22	240	187	191	43	493.32	73	7.08	True	294.71
174	44	320	167	461	44	317.88	59	8.59	True	414.97
175	22	319	49	367	42	796.01	20	10.92	True	67.13
176	18	293	189	441	40	635.16	23	6.81	True	250.71
177	47	21	119	288	85	890.83	33	10.87	True	398.15
178	24	145	188	283	65	120.73	20	42.96	False	395.5
179	10	59	7	207	22	305.69	89	16.54	True	195.23
180	39	197	110	171	61	716.89	30	14.86	True	170.53
181	15	321	69	333	34	519.71	44	40.75	False	176.13
182	10	189	133	422	7	209.81	40	40.19	False	60.68
183	34	307	159	300	43	945.59	40	30.43	True	65.26
184	40	236	8	31	41	236.78	3	33.44	True	253.74
185	11	197	163	14	30	241.1	83	10.72	True	183.49
186	41	303	82	204	91	510.03	47	47.37	False	43.44
187	15	75	10	337	14	506.96	98	31.77	True	136.92
188	36	303	32	349	72	252.66	13	0.3	False	493.74
189	23	303	136	269	51	467.43	49	32.02	True	287.58
190	29	74	4	191	35	869.0	26	42.73	False	433.71
191	41	208	151	181	93	910.63	78	37.12	True	258.65
192	27	153	49	440	10	254.27	2	13.58	False	470.39
193	46	299	174	355	87	125.94	65	24.74	True	326.03
194	12	94	185	167	13	870.28	42	36.35	False	440.0
195	38	216	52	447	14	566.08	54	28.16	False	316.84
196	42	231	9	104	36	720.63	21	48.3	True	78.09
197	14	242	14	119	36	406.84	31	2.05	False	324.81
198	21	210	149	168	67	388.81	14	27.41	True	374.95
199	44	306	136	453	59	312.94	61	44.74	False	277.59
200	24	225	194	79	21	109.48	35	44.84	False	329.75
201	29	101	86	359	59	721.47	43	47.39	False	201.62
202	38	189	147	446	60	763.62	75	22.23	True	478.41
203	21	59	122	395	75	818.92	82	8.01	True	372.75
204	5	268	199	35	38	995.24	1	43.59	False	387.04
205	35	312	68	458	87	972.49	84	5.53	True	327.67
206	48	207	196	38	90	732.54	25	27.03	True	423.31
207	15	53	195	470	78	937.95	93	41.25	True	308.36
208	26	138	76	165	86	570.23	72	1.92	False	208.69
209	3	142	58	169	66	542.79	4	3.55	False	83.74
210	4	75	130	171	71	433.59	99	11.52	True	61.91
211	6	233	37	106	36	291.32	20	21.44	False	220.79
212	46	59	85	114	29	248.0	9	36.55	False	417.85
213	46	365	152	46	90	435.17	49	43.08	False	468.98
214	46	172	94	146	5	424.22	53	45.17	False	115.67
215	29	220	179	72	59	516.0	36	21.52	False	489.28
216	1	134	181	70	88	693.03	62	18.48	True	302.91
217	36	316	155	457	94	462.25	21	26.7	True	213.59
218	39	45	1	189	25	802.13	85	5.13	False	117.55
219	31	73	17	200	17	178.24	49	44.02	False	384.5
220	45	84	155	225	96	462.56	94	36.26	False	255.58
221	9	23	102	8	47	816.34	57	19.23	True	240.14
222	5	33	81	196	60	367.29	29	44.5	True	253.17
223	45	341	82	290	22	840.86	4	9.62	True	270.98
224	3	201	105	365	81	577.89	72	43.94	True	24.41
225	42	205	108	449	83	528.39	99	37.83	False	364.45
226	40	190	158	158	93	762.97	64	27.21	True	415.63
227	42	251	124	388	51	527.17	24	38.51	True	398.88
228	37	275	135	245	96	647.88	79	28.96	False	260.02
229	11	77	45	425	76	761.69	100	46.06	True	461.65
230	10	252	164	289	82	861.04	68	0.33	True	141.64
231	43	343	138	72	47	758.05	3	48.34	True	312.06
232	43	16	123	462	57	861.98	70	44.88	False	221.84
233	27	164	101	71	44	583.75	19	13.27	False	427.59
234	32	15	91	415	24	807.7	81	16.99	True	426.36
235	14	311	146	475	70	996.79	5	26.83	False	207.1
236	23	234	176	323	18	174.02	85	44.43	False	276.35
237	24	29	147	302	19	715.01	44	44.65	False	84.09
238	38	119	104	442	48	695.42	88	20.21	True	432.04
239	44	4	87	195	23	305.31	35	40.61	True	410.85
240	15	343	17	438	59	126.85	30	47.92	True	225.45
241	25	246	67	90	82	779.64	45	12.69	True	256.26
242	27	292	54	396	69	988.58	11	6.89	False	176.24
243	32	223	43	137	98	330.55	27	3.45	True	248.11
244	34	73	124	319	18	714.81	7	37.0	False	116.84
245	41	274	95	219	19	676.37	45	43.52	False	270.24
246	15	258	55	63	85	707.06	100	21.21	False	193.16
247	24	146	11	135	14	512.67	58	33.73	True	448.62
248	23	303	102	51	40	864.98	39	20.43	False	269.58
249	34	146	20	341	100	903.94	32	16.35	True	490.29
250	1	2	35	179	13	287.89	88	20.17	True	471.4
251	9	206	157	304	53	714.51	71	7.38	True	156.21
252	28	51	27	355	21	805.37	26	25.06	False	100.05
253	50	51	155	285	89	169.88	6	14.16	True	182.46
254	46	124	174	152	72	557.55	30	44.15	True	80.74
255	8	337	6	499	90	612.63	10	1.17	False	266.38
256	33	159	197	321	49	668.41	37	33.55	True	470.76
257	39	250	193	454	28	453.58	14	42.72	False	304.71
258	16	92	118	321	1	193.63	97	5.7	True	402.82
259	32	116	113	389	88	869.43	32	45.36	True	222.0
260	16	148	169	141	12	932.76	43	30.01	True	496.73
261	32	194	101	385	93	643.7	45	48.01	False	351.47
262	33	222	193	150	61	555.0	8	17.51	False	401.67
263	3	168	156	57	74	940.2	35	45.44	False	184.42
264	46	291	124	102	16	498.72	45	49.71	True	124.82
265	31	245	60	243	11	904.93	77	9.75	True	459.66
266	48	152	178	212	60	268.99	25	3.85	True	228.87
267	8	280	129	499	18	256.9	79	12.72	False	458.91
268	22	60	198	390	37	484.49	23	34.09	True	252.92
269	43	49	15	488	46	164.25	20	48.05	False	174.91
270	19	26	129	485	50	610.34	73	46.46	False	312.51
271	42	167	177	414	43	162.38	23	22.18	True	376.87
272	7	22	47	84	96	990.59	94	24.25	False	162.14
273	8	34	186	40	65	672.86	100	6.05	False	154.9
274	43	110	178	158	17	257.45	15	27.19	False	354.86
275	25	130	10	332	29	414.5	38	30.67	True	232.81
276	26	46	31	260	28	175.67	12	47.15	True	438.35
277	36	233	59	365	53	297.53	56	38.98	True	166.05
278	3	257	127	363	49	580.86	52	47.65	True	386.1
279	29	216	36	44	11	654.81	45	13.27	False	386.55
280	14	258	125	195	51	337.76	55	21.82	False	369.02
281	50	206	89	9	2	177.28	34	22.53	True	491.19
282	15	7	172	260	95	203.41	20	37.94	False	151.36
283	45	235	110	63	32	355.4	67	28.18	True	74.14
284	17	350	193	258	84	133.15	19	27.1	False	174.65
285	10	280	176	396	89	527.77	20	17.39	True	198.8
286	5	29	23	425	38	537.62	87	43.72	True	212.6
287	4	353	63	499	1	272.61	84	44.99	False	30.82
288	27	315	24	118	30	585.19	2	9.72	True	98.48
289	21	228	44	436	94	906.83	68	6.82	True	268.03
290	14	195	110	60	39	754.3	48	45.52	False	235.49
291	17	182	14	219	60	408.85	68	39.06	True	113.27
292	21	181	136	135	14	729.09	66	34.75	False	200.11
293	16	237	46	79	74	293.3	84	17.19	False	334.39
294	8	113	158	339	79	460.27	4	39.33	True	375.15
295	27	151	151	124	87	151.89	87	24.83	False	209.37
296	21	197	179	64	20	629.57	31	37.65	False	441.43
297	13	243	99	116	30	637.1	74	33.33	False	44.76
298	26	331	79	379	10	496.58	49	36.8	True	248.65
299	20	198	12	23	95	430.12	45	33.68	True	131.36
300	19	357	145	267	85	715.45	43	9.63	False	246.48
301	40	156	19	68	29	265.18	79	20.53	False	295.44
302	31	347	28	55	38	727.46	91	19.72	False	237.15
303	17	183	90	30	12	694.09	94	3.84	True	295.82
304	49	204	103	443	95	235.0	15	40.0	True	474.65
305	40	78	152	335	44	712.25	36	42.24	True	285.67
306	15	296	123	78	10	164.97	36	9.48	True	219.29
307	12	280	22	136	18	922.95	42	41.57	False	334.48
308	34	305	99	205	57	202.52	63	5.49	True	405.46
309	17	213	5	244	65	170.49	75	30.66	True	64.43
310	29	199	35	36	86	864.41	13	45.4	False	313.51
311	42	234	48	220	85	327.01	90	27.28	True	394.5
312	12	123	83	318	14	849.6	29	37.63	True	288.3
313	5	328	13	385	74	881.45	37	44.79	False	213.26
314	31	175	167	479	6	412.77	88	9.1	True	282.14
315	48	335	29	158	24	100.91	43	44.89	True	154.79
316	28	309	150	177	21	255.58	61	32.47	True	70.49
317	13	44	90	87	62	923.61	61	47.6	True	429.55
318	29	261	146	258	95	578.57	24	13.12	False	257.59
319	50	49	182	391	5	174.49	46	40.99	False	61.74
320	19	159	15	288	51	931.28	86	49.66	False	379.29
321	42	76	139	198	65	495.8	54	35.92	True	133.04
322	13	202	96	488	87	466.91	42	36.61	True	399.6
323	23	235	64	206	85	682.32	33	12.72	True	21.82
324	6	114	69	185	99	698.25	12	1.17	False	432.95
325	21	246	151	149	79	841.64	3	30.62	False	439.81
326	37	113	44	177	23	161.23	34	1.76	False	146.83
327	42	252	131	40	24	277.58	28	27.45	True	432.8
328	1	116	152	402	37	505.66	48	33.74	True	427.67
329	4	5	81	493	43	348.99	46	46.46	False	327.5
330	6	300	113	120	17	322.43	9	43.19	True	215.73
331	50	302	121	355	7	451.34	30	2.14	False	211.62
332	4	187	173	237	45	145.39	64	40.3	False	37.55
333	42	17	108	79	94	653.12	81	16.4	False	432.22
334	42	242	198	487	77	201.66	68	26.83	True	121.17
335	26	339	103	4	12	783.97	76	14.56	True	259.58
336	27	280	68	146	26	142.18	42	46.41	True	404.36
337	47	227	146	167	28	552.91	32	4.8	True	249.31
338	21	87	61	334	44	275.85	96	11.97	True	155.72
339	19	2	197	76	66	889.57	49	28.97	True	141.9
340	41	115	127	58	65	216.69	89	18.04	False	97.88
341	17	235	90	189	34	707.7	68	10.6	False	485.82
342	6	359	188	491	90	874.88	36	25.14	True	117.56
343	36	74	81	284	96	270.94	85	8.24	True	149.68
344	21	174	125	86	65	787.72	63	40.39	False	291.95
345	3	37	87	138	69	387.74	92	27.62	True	325.41
346	24	300	167	67	42	284.64	41	20.07	True	213.7
347	17	322	47	370	78	915.59	15	27.12	True	66.57
348	45	345	143	359	51	248.57	94	39.51	True	299.25
349	35	292	63	91	11	734.27	30	27.31	True	63.5
350	49	3	119	343	28	853.67	57	33.31	True	73.86
351	16	176	135	31	10	997.93	32	38.74	True	41.52
352	29	88	53	193	55	718.63	45	45.07	False	45.14
353	33	241	100	124	6	437.6	78	11.08	True	228.85
354	20	111	32	490	20	398.18	53	32.02	False	165.42
355	50	183	30	133	83	441.14	97	44.17	True	92.74
356	42	240	163	65	16	582.4	19	45.92	True	248.88
357	28	113	142	69	25	686.71	4	19.49	True	106.6
358	45	289	81	333	4	357.93	34	8.93	False	139.05
359	8	146	183	121	43	962.84	32	38.65	False	174.92
360	30	12	128	185	54	526.43	31	26.84	False	101.57
361	10	109	147	212	13	739.54	30	13.28	False	333.02
362	23	122	1	219	29	379.19	32	33.97	False	272.79
363	10	15	69	264	84	256.0	98	14.01	True	160.72
364	42	7	55	45	67	804.53	36	34.01	False	400.46
365	44	212	32	251	5	905.95	4	48.68	False	497.41
366	47	205	72	422	58	746.55	87	33.62	True	308.01
367	41	85	74	490	74	568.34	61	8.6	True	186.14
368	5	4	141	488	84	715.3	22	36.6	True	243.06
369	24	97	197	385	68	677.86	94	0.84	True	241.46
370	45	184	119	324	38	224.29	49	12.47	False	485.06
371	43	281	115	442	39	104.6	47	18.37	True	451.34
372	12	36	88	233	82	589.26	21	40.13	False	420.48
373	6	306	63	317	82	925.31	79	14.74	False	73.98
374	35	283	182	148	53	338.56	66	31.4	False	304.87
375	43	201	71	35	67	543.5	87	3.62	False	288.89
376	32	185	34	396	95	288.73	11	25.91	False	104.78
377	24	194	178	407	12	789.19	88	31.22	False	109.56
378	27	220	30	244	36	497.55	86	1.49	False	142.18
379	32	83	146	227	37	159.6	80	14.57	False	141.35
380	39	243	83	41	35	480.09	31	22.6	True	427.76
381	12	339	118	257	1	381.97	25	42.26	True	375.9
382	36	341	106	339	72	105.39	96	28.01	False	42.75
383	16	22	157	333	90	506.41	86	17.24	True	69.36
384	19	188	108	459	7	895.32	5	31.83	True	364.24
385	37	97	35	70	49	985.72	70	46.56	False	197.67
386	2	365	164	184	13	610.35	49	47.18	True	398.23
387	40	61	92	147	39	149.91	55	41.62	False	468.46
388	43	147	1	217	26	238.4	25	8.28	False	102.93
389	20	363	198	420	7	464.75	23	10.44	True	182.36
390	46	4	66	101	92	315.68	66	11.7	False	242.68
391	37	110	55	1	53	909.36	61	37.7	False	455.96
392	30	56	15	153	32	430.9	87	33.43	True	104.92
393	9	184	181	245	62	498.28	46	29.07	False	210.77
394	43	149	107	348	72	558.63	51	10.51	True	430.6
395	19	84	165	19	40	482.21	21	39.39	True	305.72
396	32	52	129	385	48	287.91	29	25.18	True	86.85
397	17	20	70	96	14	499.47	29	29.59	True	98.95
398	36	185	123	118	30	933.38	38	14.96	False	88.05
399	39	123	18	88	21	105.54	53	0.23	False	288.63
400	11	305	120	27	7	744.05	32	1.28	False	272.57
401	19	309	8	371	39	234.9	24	28.28	False	21.38
402	7	316	155	274	98	934.08	3	9.03	False	281.3
403	32	262	38	120	68	518.0	89	11.6	False	139.68
404	12	25	186	308	93	170.16	16	28.64	True	74.91
405	7	105	109	125	31	148.12	44	44.24	True	313.97
406	49	248	98	457	26	832.31	58	41.35	True	120.59
407	14	115	134	70	21	810.09	14	38.68	True	499.8
408	28	69	124	379	10	100.35	3	43.74	True	312.02
409	23	265	190	478	59	269.05	37	43.68	True	210.87
410	31	154	16	244	44	643.29	22	28.65	False	322.09
411	28	319	99	349	96	216.63	79	46.74	False	358.72
412	31	30	131	477	2	633.36	1	39.93	True	462.89
413	26	201	10	17	66	212.38	13	40.44	False	325.57
414	48	42	82	11	92	462.35	72	32.5	False	121.34
415	27	279	108	368	21	681.5	65	31.58	True	324.79
416	18	314	66	248	89	626.79	20	28.38	True	23.24
417	5	164	84	500	56	756.43	37	24.35	False	419.27
418	1	5	35	325	22	560.94	54	23.85	True	93.09
419	47	49	91	406	34	653.64	95	5.71	True	192.51
420	23	254	65	394	36	470.79	58	10.75	True	131.35
421	29	156	163	58	25	680.6	82	7.03	False	89.83
422	29	33	180	319	2	530.9	46	29.38	True	410.47
423	24	180	27	410	11	939.78	55	26.96	False	386.61
424	15	15	71	473	6	643.42	39	21.16	True	197.69
425	18	346	8	432	21	588.1	1	29.57	False	193.99
426	48	263	164	161	22	536.69	45	23.83	True	389.56
427	49	126	8	444	61	544.44	78	28.18	False	399.0
428	37	11	159	312	84	418.93	40	29.28	False	41.29
429	31	14	49	354	33	439.04	71	28.49	False	462.16
430	2	9	98	143	86	770.87	38	14.29	False	62.48
431	23	267	90	69	45	379.53	43	9.91	False	246.07
432	31	322	148	332	16	627.59	64	13.1	True	152.79
433	11	342	59	142	28	445.87	59	18.12	True	310.46
434	23	132	177	18	53	879.05	6	24.19	False	112.61
435	40	170	65	438	71	153.63	16	25.68	False	139.87
436	23	362	146	378	39	845.39	25	28.56	True	85.72
437	34	330	99	368	60	896.29	23	17.61	False	78.78
438	31	162	7	206	16	848.05	46	1.32	False	412.81
439	25	322	73	110	39	411.13	60	22.96	False	152.72
440	44	196	16	117	25	373.44	24	27.6	False	321.95
441	47	279	38	74	62	305.1	92	8.81	True	485.84
442	33	18	13	348	98	144.29	50	46.93	True	288.46
443	29	323	99	241	54	636.35	15	14.89	True	150.77
444	30	50	67	216	39	999.4	90	19.12	True	138.23
445	45	79	128	456	69	849.89	75	20.76	False	355.44
446	46	258	159	478	65	126.6	31	14.38	False	20.37
447	43	303	122	461	97	691.06	52	42.64	False	465.5
448	32	303	20	49	23	673.06	85	32.76	False	255.9
449	24	277	9	475	56	516.91	23	29.13	False	458.5
450	10	135	122	287	46	471.68	81	45.85	True	352.18
451	15	259	144	236	59	980.55	20	33.59	False	363.09
452	41	133	76	327	57	848.33	49	42.22	True	95.03
453	29	281	52	188	11	103.43	86	30.13	False	24.22
454	50	74	30	247	80	170.64	48	10.95	False	151.54
455	16	346	39	10	100	222.21	18	11.83	False	26.9
456	20	290	148	394	83	709.05	50	45.94	False	435.41
457	41	131	3	129	4	545.01	22	36.1	False	279.27
458	5	73	23	263	18	599.61	99	39.33	False	122.08
459	9	260	181	188	21	330.47	12	17.53	False	421.55
460	7	191	66	254	72	423.93	52	29.43	True	327.32
461	43	175	182	110	64	885.44	76	46.82	False	158.94
462	49	297	34	436	91	471.18	16	16.33	False	122.39
463	28	229	111	175	69	579.69	100	44.42	False	344.77
464	24	344	181	71	36	611.9	50	39.16	True	42.29
465	3	287	105	407	27	639.31	91	34.77	False	310.61
466	29	343	167	294	45	233.83	27	43.24	False	174.81
467	10	145	97	326	69	813.8	95	6.19	False	461.28
468	37	262	78	128	36	971.24	6	15.88	True	391.13
469	42	32	126	11	97	832.24	88	38.07	True	292.9
470	13	293	71	75	13	385.5	60	8.42	True	132.11
471	15	189	149	279	94	234.9	19	8.01	True	301.49
472	43	124	163	253	2	813.03	68	32.12	True	474.74
473	11	264	53	65	33	657.38	31	12.68	True	298.67
474	41	273	15	234	36	178.51	16	10.03	True	373.61
475	7	183	158	45	3	293.1	48	43.19	True	57.69
476	46	133	104	192	29	787.97	14	47.51	False	47.55
477	33	4	127	307	36	714.0	74	24.75	False	475.67
478	42	283	191	216	40	738.47	14	33.26	True	489.2
479	11	46	185	196	96	114.63	29	6.21	False	394.79
480	23	212	63	387	99	990.64	88	27.81	True	76.85
481	36	264	143	183	48	467.15	17	45.82	False	352.63
482	2	305	32	424	78	125.76	22	0.91	True	71.71
483	13	62	48	446	88	680.31	53	34.6	True	249.53
484	6	182	40	125	19	510.55	15	18.97	False	97.65
485	31	233	113	260	33	861.43	71	43.45	True	307.03
486	28	271	91	414	49	170.88	79	11.32	False	22.75
487	34	327	12	230	23	176.81	37	15.56	True	317.67
488	11	10	124	184	46	227.54	71	31.37	False	272.35
489	20	36	174	121	35	309.75	16	14.23	True	98.04
490	39	237	56	30	41	838.48	68	5.12	False	195.34
491	33	272	60	168	90	223.96	5	7.16	False	474.68
492	50	14	76	416	36	662.06	47	34.02	False	39.25
493	39	50	177	469	92	112.36	62	41.11	False	499.8
494	43	176	35	273	27	761.56	91	36.13	True	331.11
495	49	275	200	470	57	889.82	32	34.57	False	439.9
496	41	156	115	485	23	438.16	20	35.62	False	444.14
497	16	360	193	370	91	958.65	85	28.32	False	430.02
498	1	300	167	195	48	245.56	16	19.54	True	253.49
499	27	121	111	105	78	428.0	25	43.32	True	393.96
500	39	347	76	214	22	264.41	93	17.41	True	499.23
501	48	361	148	194	19	981.85	58	26.27	False	413.35
502	40	306	85	23	65	643.18	36	21.38	True	152.11
503	39	153	165	309	81	515.47	10	40.72	False	277.14
504	5	242	91	252	43	481.7	99	40.53	False	44.83
505	37	331	18	14	18	200.16	72	40.96	True	258.67
506	2	27	182	145	10	487.94	55	45.07	True	358.97
507	6	98	159	472	68	826.65	64	29.8	True	491.1
508	5	243	195	90	95	907.49	45	45.54	True	320.34
509	19	129	50	15	43	111.41	10	8.91	True	293.54
510	8	303	194	24	66	511.04	34	34.95	False	114.79
511	19	331	168	216	12	259.99	94	16.22	False	102.84
512	4	325	169	6	79	644.34	69	44.64	False	443.29
513	27	150	104	416	21	489.89	83	1.5	True	194.7
514	17	60	32	233	35	255.79	57	14.24	True	236.23
515	32	299	37	259	10	255.21	48	38.4	True	380.03
516	23	239	47	48	92	909.51	6	41.71	True	237.4
517	34	58	41	410	36	941.72	3	49.25	False	497.14
518	11	125	81	478	24	326.91	19	17.87	True	63.46
519	49	112	151	473	17	870.04	61	14.54	True	478.29
520	41	128	173	200	38	196.46	23	11.35	True	437.48
521	35	351	174	465	82	117.23	9	9.74	True	118.88
522	10	99	68	270	6	512.7	63	14.66	False	124.44
523	28	324	149	2	48	120.04	45	43.25	True	98.9
524	12	307	34	175	96	117.6	54	41.5	True	45.89
525	46	18	183	288	64	496.84	78	18.96	False	288.38
526	1	82	185	70	71	253.06	72	48.59	True	107.73
527	32	88	171	255	14	597.44	38	2.88	True	86.3
528	25	233	198	256	66	876.19	86	40.51	True	51.14
529	42	145	39	484	40	568.52	81	39.51	False	342.41
530	27	243	63	217	46	197.54	63	19.68	False	108.66
531	29	224	89	350	99	785.5	65	11.43	True	97.95
532	2	169	138	80	57	232.92	68	47.63	False	393.58
533	5	51	177	37	5	934.08	95	30.92	False	42.49
534	37	56	109	149	26	766.55	13	37.14	True	80.51
535	11	189	29	464	13	555.22	31	4.5	True	494.21
536	37	327	51	104	15	736.35	14	3.29	False	96.79
537	28	206	90	450	82	657.31	92	45.25	True	61.52
538	23	170	200	343	45	513.13	98	17.25	False	397.43
539	44	168	174	401	97	643.48	25	46.89	True	392.59
540	30	61	27	485	18	114.77	88	14.83	True	80.61
541	41	84	175	93	7	402.94	30	13.01	False	245.15
542	2	5	53	497	58	924.39	69	41.07	False	161.42
543	19	157	32	39	66	496.2	83	38.6	True	140.65
544	12	131	18	85	3	611.53	54	35.17	True	306.97
545	17	312	69	299	100	519.3	5	1.51	True	64.8
546	6	220	49	70	34	260.27	58	35.86	True	256.51
547	8	270	189	442	29	382.15	79	32.45	False	391.29
548	25	120	108	446	46	606.32	40	40.39	False	168.43
549	5	323	182	458	61	823.92	60	22.3	True	230.52
550	33	32	69	378	74	825.51	64	2.93	False	62.3
551	7	182	16	70	17	149.71	80	7.38	True	236.38
552	41	260	102	313	56	926.54	76	1.36	False	229.81
553	5	103	43	19	69	651.03	39	29.91	True	133.3
554	20	237	147	207	96	418.58	27	45.98	False	371.78
555	4	176	136	258	48	747.71	25	6.52	False	465.64
556	27	176	106	50	50	626.53	5	5.09	True	235.29
557	38	267	162	262	97	962.95	73	42.09	True	170.43
558	29	152	54	412	71	905.67	52	4.5	True	132.81
559	2	174	30	12	86	982.63	79	28.71	True	42.94
560	6	109	118	147	92	826.64	37	27.03	True	128.95
561	13	12	187	430	39	546.26	24	39.4	False	357.21
562	46	268	6	375	55	831.32	20	15.16	True	22.38
563	43	314	76	362	59	308.68	30	13.12	False	499.76
564	23	61	102	17	68	776.07	89	44.68	False	20.55
565	38	70	133	178	41	985.3	15	23.72	False	60.72
566	50	181	3	429	36	684.19	63	38.55	False	175.21
567	47	296	128	99	57	231.27	28	32.99	True	445.48
568	20	335	36	109	40	118.32	94	37.77	False	209.38
569	33	213	24	286	10	814.71	91	17.65	False	286.77
570	24	355	106	62	54	714.42	2	11.26	True	308.74
571	2	344	65	286	58	220.27	40	12.67	False	242.02
572	12	216	165	488	30	387.16	94	22.89	True	127.26
573	31	232	158	47	6	956.54	38	27.52	False	250.92
574	31	59	88	460	95	513.06	90	15.68	False	206.02
575	16	40	9	227	46	483.62	81	43.33	False	417.56
576	8	313	33	114	18	759.78	97	6.78	True	327.32
577	28	69	129	157	57	848.82	71	8.14	True	310.8
578	12	86	144	3	18	674.65	63	8.14	True	461.35
579	27	150	152	305	69	779.76	7	38.88	True	383.1
580	1	331	199	457	59	364.71	73	0.65	False	241.81
581	10	84	185	355	18	450.24	3	49.22	True	229.45
582	17	236	24	406	85	414.39	3	0.42	True	440.25
583	41	78	105	36	57	788.36	58	47.14	True	58.68
584	19	40	74	162	47	900.47	38	0.25	False	447.73
585	22	308	95	395	35	476.76	67	36.8	False	399.4
586	44	180	138	461	18	301.92	42	10.88	False	133.98
587	19	137	128	14	20	246.17	71	45.33	True	48.77
588	23	357	164	400	81	576.98	98	20.33	False	60.03
589	25	249	191	311	82	751.56	76	21.62	False	322.88
590	41	130	3	401	42	839.95	49	34.99	False	58.68
591	2	267	20	199	98	178.35	75	48.85	False	282.44
592	19	40	26	107	76	621.51	68	12.76	False	322.3
593	6	268	103	337	58	211.36	19	5.97	True	250.05
594	43	81	119	54	81	253.34	90	9.78	True	107.34
595	36	129	139	322	16	501.11	45	21.24	False	349.94
596	9	94	80	266	49	847.7	79	29.32	True	479.06
597	34	29	121	478	75	488.91	17	36.29	True	423.37
598	6	261	169	229	11	393.67	64	13.15	False	466.24
599	24	24	142	141	92	361.26	20	24.96	False	21.84
600	39	112	135	159	61	715.34	71	30.42	False	77.5
601	36	140	136	233	67	982.03	33	40.62	True	113.15
602	24	199	174	185	63	315.84	92	41.28	True	206.22
603	23	214	92	79	32	714.7	31	7.69	True	468.06
604	14	191	67	347	66	787.57	56	42.63	False	34.45
605	50	362	79	495	28	388.79	75	30.44	True	420.8
606	33	104	75	61	67	235.59	60	18.46	True	266.38
607	9	56	68	73	37	236.89	10	7.02	True	85.25
608	33	319	94	81	74	439.12	29	11.95	True	139.11
609	38	245	194	293	43	105.18	77	4.47	False	357.94
610	47	104	144	378	78	311.1	50	46.07	False	61.15
611	16	65	20	71	67	801.0	7	28.61	True	324.04
612	15	227	90	36	35	107.47	99	5.29	True	27.28
613	47	112	142	11	14	261.76	42	28.14	False	104.68
614	23	13	43	454	13	440.86	20	26.97	False	376.24
615	23	216	30	440	77	795.81	56	35.19	True	382.92
616	16	317	146	273	89	425.59	72	33.81	True	484.98
617	11	270	72	360	54	273.9	35	4.58	False	176.8
618	19	79	94	444	34	929.98	29	29.82	False	38.73
619	17	158	44	449	66	329.19	78	1.39	False	294.01
620	48	54	20	153	93	797.82	49	49.32	False	270.03
621	47	131	45	342	80	862.06	90	46.79	True	39.56
622	13	214	140	23	26	971.68	67	11.63	True	394.67
623	35	273	119	417	57	543.75	15	34.43	True	137.4
624	49	45	151	189	60	136.94	59	47.6	True	435.27
625	1	321	61	357	68	475.05	15	19.4	False	127.95
626	41	78	190	70	47	113.79	64	26.81	True	265.06
627	11	134	191	302	27	884.09	38	20.58	False	361.97
628	1	131	166	420	63	952.72	69	40.13	True	147.8
629	41	229	82	153	27	886.36	99	26.94	False	442.39
630	9	163	94	167	63	309.64	20	40.0	True	129.65
631	38	317	41	156	83	565.17	23	42.85	True	257.25
632	3	340	84	243	35	660.46	53	11.31	False	415.81
633	9	168	195	322	91	213.03	47	16.21	False	141.65
634	40	337	100	354	19	312.37	23	10.39	False	140.89
635	50	197	88	405	59	521.95	43	12.35	False	356.67
636	2	148	86	304	39	645.9	74	12.54	False	479.3
637	10	15	98	354	10	869.17	51	2.81	True	342.31
638	31	77	190	184	64	650.36	71	32.86	False	200.61
639	30	21	114	303	50	291.61	93	28.92	False	155.11
640	27	242	84	95	79	134.4	54	22.85	True	230.44
641	29	329	159	104	39	485.99	61	38.8	False	124.4
642	35	11	50	192	79	800.31	60	38.5	False	410.31
643	1	282	22	162	22	643.4	4	37.7	True	242.86
644	25	94	40	400	14	779.64	50	26.09	True	141.35
645	45	154	9	454	35	797.19	27	11.1	True	258.52
646	16	207	76	250	57	935.29	40	45.23	False	274.18
647	23	283	179	447	10	869.18	34	23.28	True	203.86
648	35	308	103	17	22	307.31	64	16.06	False	427.17
649	12	236	196	121	98	636.76	35	22.57	True	265.18
650	9	12	119	288	99	727.82	24	33.74	False	450.25
651	46	313	114	350	20	478.82	55	13.49	False	91.26
652	12	71	182	131	66	746.61	92	45.48	True	237.12
653	5	93	18	80	43	525.29	45	7.75	False	225.91
654	24	350	172	176	46	117.34	50	16.4	True	270.82
655	27	282	166	376	86	901.85	29	2.41	False	242.1
656	50	265	186	440	7	164.37	87	34.84	False	410.06
657	33	91	164	52	15	928.0	59	2.49	False	61.87
658	35	21	173	232	54	408.66	7	0.73	True	167.48
659	41	355	124	427	38	933.25	5	2.29	True	213.39
660	30	178	21	464	52	296.71	60	45.35	True	327.79
661	30	152	61	330	29	165.78	91	19.53	True	291.67
662	42	234	5	190	8	122.88	40	6.68	False	76.53
663	16	69	10	486	3	496.41	53	33.42	False	262.95
664	27	93	10	186	80	420.93	72	2.59	True	426.66
665	29	324	81	151	10	299.09	86	40.14	False	285.07
666	39	357	36	258	85	674.54	40	5.01	True	114.75
667	48	220	114	465	89	578.23	50	9.71	True	155.64
668	44	276	26	175	91	543.53	13	5.42	True	39.54
669	14	141	146	400	14	128.75	81	42.52	False	22.17
670	28	361	47	153	7	485.44	66	12.52	False	220.22
671	33	162	134	302	95	679.23	52	21.87	False	140.28
672	50	187	111	150	19	598.42	34	5.49	False	29.97
673	1	217	164	446	74	623.57	89	10.93	False	48.8
674	7	154	61	78	83	240.85	2	21.01	True	201.61
675	20	196	78	66	77	129.1	17	12.44	True	302.65
676	8	114	77	159	13	335.79	92	32.27	False	148.92
677	17	361	2	245	73	319.79	73	14.51	False	226.73
678	22	30	155	388	9	345.15	36	10.48	False	121.23
679	11	223	25	130	99	878.78	69	0.19	False	305.81
680	30	180	191	262	58	533.08	62	47.17	True	28.58
681	35	143	6	37	92	617.78	4	25.37	True	122.0
682	43	105	177	319	4	328.27	19	15.06	False	45.96
683	30	287	9	37	15	443.13	95	2.88	True	210.79
684	20	296	60	475	29	251.83	47	42.09	True	456.71
685	13	101	151	167	99	280.22	1	20.06	False	216.02
686	26	260	80	119	36	772.18	65	16.75	True	190.09
687	20	283	152	331	81	927.48	14	23.12	False	64.9
688	15	191	176	498	67	340.63	37	14.52	False	160.3
689	12	131	98	27	8	321.9	8	2.02	True	198.36
690	34	265	138	140	57	567.46	61	43.88	True	254.01
691	34	99	196	252	1	278.16	83	22.75	True	390.09
692	11	11	191	138	20	816.94	55	6.18	True	215.81
693	3	13	139	354	92	193.5	13	26.64	True	423.43
694	21	205	46	343	39	595.69	64	33.9	True	48.25
695	14	45	74	404	53	245.65	73	29.38	True	195.03
696	32	135	146	329	40	473.76	4	32.04	False	251.19
697	32	53	15	50	10	208.64	8	25.39	True	396.24
698	44	193	137	430	27	313.49	26	4.41	False	356.59
699	37	21	82	95	34	146.53	35	42.07	False	122.2
700	19	319	116	42	56	290.46	9	18.92	True	406.22
701	28	114	129	493	36	565.54	81	27.77	False	114.9
702	33	298	195	498	83	535.97	53	35.44	True	442.17
703	7	252	82	265	75	727.47	63	29.18	False	366.08
704	24	253	108	160	72	505.97	77	32.44	True	304.96
705	40	43	44	308	13	534.82	26	3.71	False	335.42
706	23	24	32	481	29	106.55	87	9.87	True	21.06
707	20	289	31	384	48	573.3	23	3.29	False	20.39
708	32	189	181	373	55	751.94	14	32.17	True	275.88
709	31	268	78	69	38	609.69	35	0.56	True	117.1
710	15	275	168	159	58	207.44	11	23.12	True	454.74
711	36	351	111	425	72	711.04	17	40.64	True	435.3
712	26	7	166	485	18	288.76	28	45.58	False	206.9
713	50	280	142	349	39	780.5	20	35.07	True	394.08
714	13	30	130	41	78	173.14	19	41.28	False	451.59
715	29	336	42	415	23	389.46	63	10.28	False	404.93
716	23	345	193	127	55	240.23	66	1.75	True	236.78
717	43	76	197	488	2	507.16	74	27.98	False	237.82
718	7	303	102	424	54	775.23	67	33.63	False	242.78
719	20	329	90	313	48	859.54	29	37.56	True	75.62
720	33	101	101	182	70	445.26	22	9.63	False	444.88
721	33	88	162	249	62	828.68	5	22.63	True	168.61
722	6	42	51	438	58	895.86	62	30.62	True	496.38
723	50	200	60	333	33	514.23	53	48.11	True	131.38
724	1	327	175	107	32	365.34	6	3.78	False	266.12
725	37	271	48	395	76	831.81	69	26.1	True	33.15
726	23	183	136	367	80	931.31	1	2.04	True	182.73
727	32	298	114	142	38	183.63	74	40.8	True	130.83
728	34	209	85	127	18	581.49	37	32.22	False	23.76
729	46	17	1	96	62	849.94	47	16.49	True	221.26
730	25	41	185	192	44	831.3	77	2.74	False	184.21
731	19	152	7	10	65	854.58	91	18.45	True	218.79
732	23	175	75	414	30	372.26	30	31.39	True	309.11
733	5	144	49	358	88	997.86	24	26.52	False	165.03
734	2	142	134	279	24	663.46	58	13.56	False	145.37
735	42	189	32	207	29	859.01	43	39.45	True	239.88
736	12	98	148	319	92	101.1	39	23.18	True	79.17
737	13	12	157	115	65	459.7	26	6.74	False	91.33
738	42	144	148	218	74	754.27	64	38.36	False	420.53
739	38	67	56	490	28	758.8	48	37.77	True	297.91
740	33	274	39	300	18	484.19	12	44.38	False	107.48
741	12	333	140	328	45	981.59	82	14.32	True	190.44
742	25	258	71	326	60	748.62	30	10.84	True	441.46
743	34	247	101	489	14	499.12	16	5.25	True	253.3
744	9	276	86	259	49	494.98	58	20.78	True	195.47
745	4	247	193	140	74	867.83	59	35.04	False	113.71
746	32	356	200	102	97	788.12	53	8.73	True	175.95
747	37	98	59	467	94	234.36	66	17.48	False	165.54
748	15	177	14	177	90	687.86	12	37.08	True	342.04
749	7	324	165	299	95	340.78	48	38.12	False	176.96
750	8	316	113	131	27	365.14	97	47.25	False	29.77
751	25	3	98	213	81	178.42	87	43.77	True	411.46
752	16	323	119	142	48	173.86	71	4.02	False	191.91
753	48	155	81	327	60	596.38	47	44.26	False	60.29
754	12	264	164	124	98	183.33	11	29.67	False	228.01
755	23	15	147	150	76	924.74	30	32.37	True	107.2
756	40	162	34	307	32	135.63	45	8.34	True	76.99
757	21	6	99	470	76	410.66	75	46.35	False	148.01
758	37	201	26	30	61	699.97	14	1.0	True	466.63
759	45	238	60	273	43	257.27	57	47.96	False	161.38
760	27	220	73	190	85	617.98	42	47.27	False	424.85
761	46	339	123	105	97	760.42	54	22.04	False	180.28
762	5	234	61	496	52	523.23	57	49.86	False	127.4
763	34	129	32	57	26	525.16	42	47.74	False	24.16
764	36	106	68	134	40	389.13	87	7.76	True	419.88
765	25	311	149	181	3	236.63	61	26.47	False	466.02
766	16	149	87	59	53	737.85	41	40.36	True	394.76
767	30	87	76	365	79	908.31	61	12.03	True	444.94
768	1	281	112	71	36	460.25	58	43.56	False	86.95
769	28	36	182	429	87	426.48	14	4.4	True	266.46
770	37	134	16	193	79	843.63	43	3.82	False	49.38
771	26	211	44	305	10	203.08	44	26.08	False	371.24
772	12	296	95	36	89	441.46	64	44.46	True	387.75
773	42	353	4	63	62	266.05	97	24.97	True	100.56
774	48	168	15	56	38	445.48	51	41.16	True	404.95
775	14	18	106	491	48	816.72	30	22.86	False	333.06
776	10	308	92	456	95	484.54	51	1.57	True	82.45
777	29	256	168	435	16	876.09	70	13.45	True	179.6
778	45	79	199	208	73	571.9	47	17.05	True	279.82
779	41	221	36	64	94	798.45	36	11.35	True	392.54
780	42	200	144	90	22	772.43	74	28.09	True	454.91
781	20	267	82	58	9	754.1	68	24.88	False	75.04
782	18	173	25	29	36	528.99	76	42.97	True	25.01
783	1	121	165	80	66	164.91	71	12.01	True	57.31
784	25	270	183	315	24	259.82	36	47.12	False	365.42
785	15	67	90	402	8	314.92	87	46.8	True	233.55
786	18	199	76	280	70	684.83	82	33.18	False	101.15
787	44	196	110	187	76	520.56	64	38.77	False	326.99
788	6	282	52	346	32	480.88	49	11.21	True	56.37
789	38	106	119	271	78	875.64	29	37.57	True	86.86
790	9	358	96	284	46	845.13	31	46.94	False	67.82
791	3	229	125	363	70	723.75	47	30.45	True	165.02
792	11	64	149	396	95	308.09	86	43.44	True	300.47
793	29	89	117	211	6	698.37	64	44.58	True	92.11
794	14	125	136	138	11	266.07	93	29.76	True	217.0
795	48	256	179	407	73	882.48	18	42.44	True	409.87
796	40	364	119	250	27	224.04	72	33.31	True	285.14
797	2	184	193	220	18	624.36	87	9.36	True	252.19
798	43	146	200	55	35	250.79	24	9.68	False	118.92
799	37	340	3	198	59	379.31	8	25.78	True	152.33
800	27	275	180	312	88	392.53	6	6.26	False	111.12
801	40	163	87	123	5	333.15	51	31.59	False	302.18
802	24	218	188	205	96	288.92	63	16.37	False	385.23
803	16	358	114	327	94	806.48	24	11.72	True	327.05
804	8	316	185	228	98	822.43	30	5.35	False	318.48
805	38	310	51	339	39	276.96	72	22.18	True	392.87
806	39	100	44	44	51	619.62	66	49.06	True	225.45
807	43	156	137	453	31	612.47	25	42.48	False	95.79
808	5	238	193	394	53	176.49	80	21.25	True	127.7
809	10	254	149	45	22	659.76	64	46.71	False	443.34
810	42	133	13	362	44	495.45	8	14.04	True	391.18
811	32	56	4	218	46	353.43	91	15.26	False	406.17
812	30	84	156	9	31	287.79	65	26.97	True	35.19
813	29	336	107	44	60	197.2	88	0.58	False	293.51
814	37	87	36	263	55	263.23	36	34.71	True	21.56
815	15	151	104	100	34	808.44	12	0.87	True	348.33
816	39	210	192	119	70	881.67	95	3.81	False	244.76
817	12	170	105	481	71	193.64	32	22.95	True	319.5
818	47	146	5	204	65	463.11	33	37.82	True	432.7
819	39	19	52	282	2	983.29	92	26.85	False	438.94
820	35	195	85	177	16	347.65	22	31.24	True	222.54
821	46	231	108	323	99	803.89	44	31.78	False	357.46
822	23	128	187	275	87	284.25	19	14.74	True	72.23
823	50	36	182	315	96	773.67	72	18.21	False	32.45
824	18	233	123	291	37	772.96	96	3.64	True	471.31
825	21	175	140	238	22	649.92	75	36.0	False	370.27
826	26	107	200	470	36	845.51	91	46.24	True	341.99
827	46	151	52	67	38	646.63	71	27.06	False	411.63
828	21	33	56	280	29	432.09	85	33.47	True	497.96
829	30	27	150	310	98	907.84	51	1.02	False	152.4
830	5	292	112	420	1	280.53	95	30.61	False	443.61
831	38	361	69	490	63	534.35	77	5.18	True	26.35
832	44	153	109	73	91	560.39	16	29.02	True	89.57
833	29	32	113	284	53	333.6	48	28.72	True	325.47
834	47	228	135	193	83	273.16	91	46.95	True	298.59
835	8	187	71	473	68	247.55	34	25.9	False	263.94
836	3	49	73	24	71	539.97	27	27.54	True	323.99
837	20	355	109	180	13	145.04	71	20.43	True	390.13
838	7	359	143	285	9	497.06	63	49.73	True	431.15
839	40	247	128	105	71	808.91	65	33.47	True	191.23
840	34	142	180	471	22	756.44	87	49.34	False	340.29
841	37	7	6	339	17	277.84	47	24.6	True	116.98
842	17	185	161	459	30	227.16	1	49.32	False	379.06
843	36	263	166	82	62	644.52	9	0.89	False	216.11
844	45	306	56	245	53	465.01	20	21.84	True	250.65
845	5	66	79	318	61	646.47	4	9.85	True	285.57
846	27	288	131	116	86	770.79	21	19.72	True	194.1
847	46	255	102	269	12	395.23	91	0.33	False	311.83
848	18	154	137	231	96	999.05	83	2.83	False	37.23
849	47	37	35	413	1	940.08	4	2.4	True	24.59
850	39	260	177	28	93	592.33	89	34.01	False	468.1
851	44	17	93	347	23	515.57	2	34.15	True	277.31
852	38	340	1	133	40	359.51	98	47.78	False	450.02
853	42	294	141	198	63	452.45	97	44.29	False	72.53
854	36	139	117	106	29	699.7	87	41.61	False	182.72
855	3	217	189	321	90	748.88	100	2.79	False	202.0
856	1	230	157	18	14	622.74	96	13.84	False	269.2
857	37	118	60	293	4	303.93	43	0.4	False	490.09
858	26	89	7	71	56	114.55	2	32.85	True	183.41
859	4	226	44	103	49	835.95	67	34.67	True	253.02
860	32	244	149	410	55	670.38	48	18.82	True	246.88
861	46	210	43	233	66	486.13	94	20.48	False	298.14
862	37	150	29	422	38	910.96	100	3.03	False	32.5
863	27	56	92	258	52	276.89	91	29.83	False	323.79
864	12	118	1	307	76	587.83	31	1.51	True	334.83
865	30	228	57	377	1	652.18	11	32.99	False	381.53
866	35	98	171	60	12	259.0	100	19.77	True	81.46
867	31	51	130	235	6	609.0	23	14.74	False	304.16
868	32	61	187	109	8	377.68	95	8.86	False	468.99
869	14	164	86	319	58	850.79	76	3.65	True	302.3
870	43	138	169	1	60	971.31	99	43.03	True	470.28
871	25	155	70	440	44	640.27	53	41.95	True	398.85
872	7	180	24	379	22	464.73	69	34.27	False	75.33
873	39	272	16	14	27	693.33	22	8.72	True	478.44
874	8	192	185	384	67	944.83	12	4.14	True	228.34
875	9	27	84	101	10	525.26	56	20.59	True	152.3
876	18	286	79	410	40	192.41	5	17.14	False	451.35
877	1	169	4	34	78	349.16	84	13.12	True	433.56
878	9	285	53	221	86	908.93	62	43.63	False	146.86
879	2	19	102	212	96	387.77	40	16.4	True	268.13
880	22	64	118	137	75	648.47	22	48.7	True	307.26
881	47	3	71	390	27	454.69	79	44.5	True	373.65
882	34	209	56	261	22	443.1	61	6.78	False	117.1
883	20	327	10	292	96	252.26	37	49.46	True	289.35
884	27	170	52	229	14	970.87	65	2.43	False	241.81
885	37	102	172	368	37	671.91	34	1.99	False	135.08
886	9	14	91	332	32	756.44	72	19.11	False	258.54
887	10	192	49	465	82	222.22	32	21.74	False	380.23
888	39	311	178	116	27	704.6	88	0.13	False	366.5
889	27	68	64	310	35	298.68	98	8.09	False	247.33
890	21	312	157	414	85	674.69	70	0.28	True	354.77
891	37	253	138	24	42	748.42	47	39.42	True	205.94
892	32	94	152	281	65	753.6	4	46.91	False	451.56
893	25	100	154	117	54	697.0	77	20.62	True	220.55
894	50	97	178	131	33	455.01	24	47.35	False	279.09
895	35	365	78	240	89	632.2	56	23.96	True	417.17
896	45	217	122	289	75	460.93	72	5.48	False	135.71
897	24	48	41	112	64	351.4	58	12.86	False	490.29
898	10	149	154	53	22	951.4	100	32.26	True	87.67
899	20	27	142	304	96	459.34	96	49.11	False	417.94
900	24	350	52	44	89	762.4	10	15.89	False	360.55
901	40	353	38	153	69	682.75	81	1.4	True	251.59
902	8	34	32	262	43	131.71	9	28.37	False	360.94
903	21	121	74	275	2	626.33	88	8.27	False	222.35
904	14	235	157	380	45	340.21	48	26.25	False	461.08
905	5	142	50	207	13	369.04	87	20.3	True	59.54
906	12	330	68	292	65	860.82	84	1.41	False	124.49
907	50	57	75	2	16	228.25	11	25.54	True	76.56
908	32	68	188	81	67	684.82	54	8.05	True	144.05
909	34	132	112	360	11	416.87	3	6.09	False	309.26
910	49	325	50	347	25	692.35	44	46.31	True	150.6
911	40	307	59	255	91	173.59	42	1.9	True	108.72
912	43	171	6	170	46	923.24	46	38.77	True	199.32
913	34	38	57	392	72	194.66	54	36.65	True	246.49
914	42	154	166	295	77	782.1	89	37.97	False	445.71
915	9	76	142	276	52	705.41	79	5.42	True	171.87
916	17	362	128	91	46	521.43	45	29.3	True	409.79
917	43	116	58	283	80	315.3	64	7.08	True	431.32
918	4	156	58	317	88	219.58	3	46.31	True	304.51
919	30	236	172	73	79	474.61	68	31.63	False	453.22
920	26	343	64	151	31	732.12	68	46.93	True	359.85
921	46	120	93	214	64	541.38	5	30.39	True	123.1
922	14	273	94	137	60	877.41	19	7.22	False	192.34
923	47	79	63	428	72	832.0	64	20.89	False	50.5
924	11	303	198	477	48	818.41	64	38.84	False	333.53
925	39	221	118	353	44	359.88	79	25.58	False	140.69
926	1	203	101	108	81	809.77	51	44.07	False	117.56
927	7	261	99	362	71	835.53	31	19.19	False	336.64
928	4	167	62	68	23	134.92	61	48.09	False	430.88
929	16	345	129	368	1	102.09	100	11.76	True	484.28
930	3	95	153	248	48	386.26	23	4.46	True	140.17
931	50	335	125	45	31	555.12	7	2.32	True	49.53
932	42	6	150	57	88	675.52	97	36.7	True	351.2
933	21	61	181	387	46	897.15	3	38.33	False	277.59
934	42	186	140	398	59	643.52	33	15.99	False	115.75
935	4	190	44	165	17	270.19	95	26.14	False	331.78
936	37	180	5	216	80	501.91	72	14.11	True	41.17
937	7	149	154	154	34	990.95	15	2.79	True	38.1
938	37	263	38	371	27	115.33	53	27.96	True	281.72
939	43	45	198	101	55	696.3	96	27.33	False	483.83
940	39	318	74	295	77	941.49	39	49.48	True	138.31
941	25	158	57	430	27	629.72	94	41.89	False	339.5
942	42	107	146	216	19	891.86	50	17.7	True	391.87
943	30	193	182	486	20	455.78	80	34.73	False	138.32
944	36	332	86	187	51	533.12	97	14.92	False	324.63
945	34	68	127	407	6	380.64	99	8.41	True	157.18
946	30	341	124	374	48	327.66	22	47.36	False	181.22
947	40	264	178	207	54	713.87	59	39.57	False	139.8
948	39	147	142	10	38	975.14	5	28.41	False	26.99
949	5	191	87	29	86	544.54	56	4.34	True	369.17
950	18	133	187	304	67	710.28	25	44.84	False	145.99
951	5	174	75	475	89	529.9	92	32.35	True	206.34
952	26	186	200	32	64	259.36	63	12.53	True	286.54
953	34	212	144	155	43	719.96	99	5.04	False	121.45
954	24	321	199	132	86	269.11	71	40.62	True	344.2
955	17	171	91	11	95	128.92	68	18.49	False	470.72
956	39	358	70	440	27	623.66	13	3.76	False	134.11
957	22	187	40	91	28	128.54	46	36.5	False	451.74
958	11	294	125	325	76	977.01	28	3.17	False	449.69
959	48	280	200	61	96	465.3	66	47.96	True	28.68
960	33	344	108	390	27	666.7	39	14.66	False	27.89
961	45	293	37	346	15	468.38	32	44.82	False	368.35
962	34	86	26	295	39	786.31	99	42.91	False	332.2
963	34	122	147	60	60	698.65	14	3.98	True	68.96
964	42	333	35	4	36	822.71	41	47.83	True	38.38
965	48	85	154	496	7	938.0	17	35.35	True	445.25
966	7	7	101	136	72	556.6	3	26.39	False	289.64
967	42	220	19	177	75	965.61	43	31.11	False	216.65
968	28	51	177	16	47	145.87	94	44.37	True	108.72
969	19	163	109	120	42	470.53	26	24.85	True	42.57
970	42	321	193	84	40	982.96	19	40.23	False	26.96
971	36	236	61	327	37	841.56	22	12.38	True	102.43
972	4	134	88	401	76	561.1	9	12.89	True	214.51
973	5	239	18	259	89	229.09	94	31.58	True	161.69
974	26	349	17	246	95	698.91	8	17.09	False	81.2
975	16	3	179	161	18	132.77	43	48.88	False	306.98
976	34	61	79	261	39	125.64	86	46.89	True	426.63
977	20	274	55	201	66	665.44	77	49.83	True	380.83
978	22	303	114	7	52	987.36	62	48.3	True	491.21
979	30	346	127	144	43	522.73	71	47.81	True	462.43
980	29	17	7	257	17	473.54	90	9.22	True	493.65
981	16	231	189	94	100	110.98	94	10.99	True	277.2
982	4	295	104	315	40	853.59	45	49.79	False	285.15
983	4	96	174	262	24	582.83	14	25.25	False	307.57
984	32	98	164	29	25	573.17	33	40.67	True	175.62
985	40	112	43	397	97	302.36	20	7.29	True	216.1
986	3	45	37	354	87	248.2	52	39.37	True	21.17
987	49	88	110	227	27	365.12	49	31.46	False	303.22
988	35	125	163	434	42	447.97	20	28.55	False	265.26
989	44	256	29	85	93	196.48	2	5.95	True	265.33
990	3	54	52	434	49	112.16	49	35.36	True	450.49
991	23	97	35	91	95	305.12	32	37.5	True	456.01
992	50	246	146	462	19	930.05	49	13.57	False	24.3
993	41	48	114	24	53	438.71	34	27.73	True	130.6
994	9	192	134	301	80	651.94	5	40.95	False	420.75
995	25	356	153	388	98	307.9	100	8.79	False	84.82
996	21	322	3	314	62	470.53	82	40.57	True	430.73
997	22	2	35	106	92	510.22	43	37.38	False	266.24
998	40	100	177	142	85	308.89	34	0.0	False	494.34
999	34	295	32	381	56	830.89	67	3.07	True	216.73
1000	12	112	52	2	23	150.38	21	15.85	False	271.47
