1	823
10	21132
100	12586
1000	2050
1001	2688
1002	839
1003	487
1004	21984
1005	767
1006	283
1007	550
1008	203
1009	72
101	17345
1010	6
1011	1428
1012	748
1013	1179
1014	4843
1015	8187
1016	566
1017	1082
1018	886
1019	1328
102	9033
1020	51
1021	1698
1022	2356
1023	48712
1024	830
1025	376
1026	322
1027	106
1028	38
1029	308
103	11173
1030	91
1031	1125
1032	1276
1033	813
1034	914
1035	735
1036	1399
1037	114
1038	328
1039	327
104	10606
1040	725
1041	1
1042	3346
1043	192
1044	122
1045	824
1046	315
1047	684
1048	1967
1049	850
105	74
1050	493
1051	910
1052	800
1053	559
1054	520
1055	263
1056	1784
1057	597
1058	3044
1059	1601
106	618
1060	1194
1061	266
1062	485
1063	363
1064	641
1065	445
1066	504
1067	644
1068	594
1069	542
107	158
1070	262
1071	283
1072	715
1073	384
1074	406
1075	516
1076	919
1077	207
1078	1393
1079	514
108	53
1080	1861
1081	828
1082	1798
1083	841
1084	204
1085	1645
1086	193
1087	3022
1088	1294
1089	69
109	1711
1090	246
1091	355
1092	238
1093	479
1094	177
1095	109
1096	110
1097	254
1098	888
1099	834
11	1533
110	1706
1100	1051
1101	738
1102	453
1103	126
1104	1219
1105	1088
1106	821
1107	5405
1108	2725
1109	3054
111	972
1110	3863
1111	1264
1112	1437
1113	2094
1114	2276
1115	2696
1116	744
1117	683
1118	1121
1119	690
112	365
1120	145
1121	293
1122	531
1123	1047
1124	501
1125	303
1126	515
1127	761
1128	637
1129	172
113	1355
1130	389
1131	1340
1132	174
1133	759
1134	378
1135	1
1136	228
1137	140
1138	8059
1139	821
114	292
1140	5825
1141	1370
1142	1766
1143	972
1144	4323
1145	684
1146	2024
1147	2260
1148	635
1149	4158
115	63
1150	2252
1151	981
1152	405
1153	797
1154	1687
1155	1049
1156	954
1157	885
1158	3851
1159	1328
116	164
1160	1355
1161	12
1162	2837
1163	61
1164	699
1165	8825
1166	7040
1167	306
1168	448
1169	159
117	161
1170	781
1171	527
1172	316
1173	324
1174	452
1175	728
1176	695
1177	3507
1178	817
1179	220
118	64
1180	444
1181	253
1182	193
1183	1029
1184	1684
1185	6024
1186	1119
1187	3142
1188	9753
1189	11584
119	69
1190	10102
1191	8130
1192	19709
1193	229
1194	261
1195	146
1196	483
1197	154
1198	134
1199	1176
12	2892
120	110
1200	2467
1201	1112
1202	1392
1203	1699
1204	1217
1205	346
1206	318
1207	94
1208	137
1209	215
121	101
1210	223
1211	10176
1212	875
1213	3672
1214	251
1215	19
1216	844
1217	8057
1218	6102
1219	2806
122	71
1220	1199
1221	1923
1222	971
1223	11555
1224	685
1225	428
1226	649
1227	1954
1228	218
1229	1162
123	128
1230	524
1231	1973
1232	1634
1233	1338
1234	761
1235	2668
1236	2090
1237	2737
1238	900
1239	1700
124	96
1240	5887
1241	991
1242	281
1243	151
1244	731
1245	472
1246	161
1247	75
1248	187
1249	359
125	113
1250	183
1251	202
1252	387
1253	334
1254	228
1255	1384
1256	8428
1257	513
1258	375
1259	2362
126	217
1260	209
1261	3082
1262	1938
1263	2911
1264	7542
1265	464
1266	16640
1267	9523
1268	359
1269	291
127	131
1270	437
1271	212
1272	281
1273	803
1274	1289
1275	1417
1276	1078
1277	613
1278	694
1279	448
128	66
1280	725
1281	456
1282	46
1283	699
1284	2876
1285	9312
1286	3898
1287	25880
1288	2081
1289	850
129	108
1290	236
1291	239
1292	178
1293	229
1294	1730
1295	240
1296	1094
1297	1413
1298	51
1299	155
13	30
130	71
1300	1360
1301	2779
1302	1494
1303	189
1304	210
1305	245
1306	118
1307	135
1308	261
1309	235
131	217
1310	171
1311	186
1312	333
1313	370
1314	705
1315	607
1316	911
1317	832
1318	592
1319	458
132	56
1320	106
1321	816
1322	3490
1323	3293
1324	1063
1325	1721
1326	4329
1327	1668
1328	4601
1329	1770
133	52
1330	387
1331	2824
1332	2450
1333	466
1334	1436
1335	4371
1336	1088
1337	2064
1338	736
1339	1873
134	64
1340	2992
1341	1094
1342	7635
1343	3976
1344	7278
1345	5864
1346	5886
1347	4546
1348	8376
1349	387
135	95
1350	8013
1351	5419
1352	1398
1353	2784
1354	2241
1355	818
1356	834
1357	2352
1358	2982
1359	2504
136	15
1360	2773
1361	2098
1362	1265
1363	2445
1364	1932
1365	616
1366	1413
1367	9683
1368	9497
1369	4712
137	37
1370	780
1371	1088
1372	1017
1373	527
1374	2226
1375	6017
1376	748
1377	845
1378	410
1379	323
138	31
1380	315
1381	504
1382	1905
1383	1743
1384	6372
1385	3265
1386	2500
1387	809
1388	1465
1389	1512
139	40
1390	2234
1391	1922
1392	1282
1393	1173
1394	701
1395	294
1396	1265
1397	4926
1398	5600
1399	9146
14	1773
140	14
1400	219
1401	1478
1402	2920
1403	2012
1404	25321
1405	2124
1406	46
1407	2373
1408	4489
1409	5844
141	3
1410	1282
1411	904
1412	1762
1413	1454
1414	495
1415	777
1416	754
1417	13865
1418	11070
1419	3342
142	76
1420	4377
1421	4720
1422	690
1423	573
1424	537
1425	2564
1426	254
1427	763
1428	186
1429	112
143	38
1430	253
1431	185
1432	2043
1433	1740
1434	3896
1435	709
1436	711
1437	797
1438	1992
1439	4849
144	61
1440	1042
1441	1025
1442	50
1443	20
1444	10772
1445	327
1446	5072
1447	6529
1448	3086
1449	630
145	32
1450	1197
1451	7222
1452	2777
1453	1905
1454	977
1455	1749
1456	918
1457	1366
1458	760
1459	1261
146	816
1460	1149
1461	1029
1462	863
1463	740
1464	637
1465	715
1466	615
1467	607
1468	563
1469	451
147	609
1470	533
1471	835
1472	568
1473	700
1474	562
1475	1591
1476	341
1477	1375
1478	15868
1479	1560
148	849
1480	695
1481	694
1482	6287
1483	5205
1484	8697
1485	1172
1486	420
1487	1357
1488	168
1489	5225
149	8
1490	1875
1491	2025
1492	1250
1493	2750
1494	1325
1495	4400
1496	2827
1497	4294
1498	3301
1499	3355
15	1244
150	12
1500	1506
1501	3088
1502	1170
1503	1536
1504	453
1505	6864
1506	910
1507	5342
1508	1057
1509	1726
151	48
1510	5608
1511	7147
1512	5033
1513	2151
1514	2685
1515	1061
1516	1522
1517	1471
1518	2813
1519	673
152	5
1520	1089
1521	1187
1522	1877
1523	1578
1524	6625
1525	8277
1526	626
1527	861
1528	825
1529	1775
153	4
1530	1307
1531	879
1532	1882
1533	2223
1534	1958
1535	1512
1536	1530
1537	918
1538	1802
1539	1577
154	164
1540	554
1541	1008
1542	1122
1543	5183
1544	253
1545	32
1546	127
1547	186
1548	2
1549	25
155	276
1550	3165
1551	726
1552	801
1553	-4
1554	79
1555	5723
1556	3342
1557	1852
1558	1991
1559	2586
156	88
1560	1023
1561	326
1562	695
1563	1510
1564	1315
1565	484
1566	241
1567	462
1568	1173
1569	212
157	1012
1570	108
1571	199
1572	837
1573	7159
1574	2301
1575	295
1576	1082
1577	499
1578	132
1579	1598
158	1145
1580	198
1581	759
1582	871
1583	66
1584	46
1585	2693
1586	1561
1587	243
1588	676
1589	302
159	74
1590	1174
1591	854
1592	774
1593	1550
1594	2265
1595	1581
1596	1810
1597	3438
1598	1858
1599	3066
16	13328
160	169
1600	1848
1601	759
1602	822
1603	415
1604	24
1605	54
1606	68
1607	54
1608	32
1609	10
161	1033
1610	205
1611	131
1612	684
1613	148
1614	75
1615	4430
1616	2626
1617	955
1618	524
1619	350
162	66
1620	871
1621	504
1622	553
1623	424
1624	798
1625	690
1626	601
1627	808
1628	291
1629	293
163	158
1630	2596
1631	349
1632	425
1633	747
1634	2496
1635	543
1636	1156
1637	1071
1638	1118
1639	552
164	141
1640	292
1641	143
1642	680
1643	7992
1644	6019
1645	5948
1646	54
1647	68
1648	67
1649	52
165	318
1650	55
1651	47
1652	54
1653	51
1654	52
1655	55
1656	51
1657	62
1658	72
1659	79
166	452
1660	82
1661	77
1662	75
1663	78
1664	74
1665	66
1666	63
1667	147
1668	337
1669	316
167	452
1670	2365
1671	1443
1672	291
1673	1974
1674	1480
1675	1256
1676	2201
1677	1978
1678	4364
1679	1188
168	19
1680	153
1681	1766
1682	478
1683	1628
1684	6062
1685	4231
1686	7863
1687	9082
1688	434
1689	264
169	647
1690	323
1691	423
1692	2874
1693	1807
1694	1846
1695	1764
1696	1657
1697	1802
1698	1636
1699	1320
17	662
170	46
1700	1105
1701	1031
1702	419
1703	554
1704	381
1705	245
1706	16
1707	945
1708	794
1709	752
171	21
1710	720
1711	557
1712	601
1713	186
1714	928
1715	2261
1716	434
1717	1867
1718	1521
1719	505
172	9
1720	1252
1721	2691
1722	2683
1723	353
1724	531
1725	1450
1726	933
1727	4855
1728	7127
1729	14447
173	152
1730	460
1731	164
1732	1149
1733	1851
1734	1723
1735	4576
1736	7916
1737	14724
1738	3595
1739	2956
174	130
1740	2500
1741	1292
1742	7199
1743	1139
1744	709
1745	11952
1746	4230
1747	2349
1748	1681
1749	1170
175	17
1750	1503
1751	1117
1752	1010
1753	904
1754	2332
1755	3829
1756	2208
1757	430
1758	1021
1759	4905
176	2
1760	2678
1761	3750
1762	4076
1763	100
1764	8709
1765	2673
1766	481
1767	3002
1768	4207
1769	11724
177	289
1770	2077
1771	2187
1772	4526
1773	2449
1774	11592
1775	2872
1776	3005
1777	1950
1778	541
1779	1678
178	187
1780	4395
1781	1621
1782	444
1783	414
1784	209
1785	282
1786	1009
1787	860
1788	791
1789	30
179	381
1790	66
1791	63
1792	50
1793	81
1794	170
1795	118
1796	386
1797	270
1798	252
1799	311
18	1273
180	139
1800	490
1801	287
1802	1240
1803	1256
1804	1226
1805	2218
1806	685
1807	941
1808	2080
1809	183
181	25
1810	193
1811	41
1812	186
1813	246
1814	236
1815	89
1816	75
1817	103
1818	96
1819	347
182	447
1820	58
1821	532
1822	432
1823	458
1824	333
1825	570
1826	318
1827	267
1828	225
1829	386
183	1
1830	340
1831	486
1832	244
1833	961
1834	149
1835	256
1836	244
1837	277
1838	805
1839	89
184	223
1840	147
1841	241
1842	254
1843	141
1844	219
1845	436
1846	7892
1847	9602
1848	6559
1849	236
185	25
1850	992
1851	448
1852	2237
1853	1797
1854	27094
1855	361
1856	1178
1857	815
1858	760
1859	2121
186	73
1860	2121
1861	563
1862	499
1863	913
1864	145
1865	1007
1866	124
1867	2092
1868	1948
1869	1245
187	19
1870	3911
1871	116
1872	271
1873	340
1874	2130
1875	2229
1876	613
1877	272
1878	439
1879	192
188	2
1880	141
1881	147
1882	72
1883	84
1884	741
1885	2120
1886	1576
1887	2465
1888	2090
1889	894
189	33
1890	503
1891	405
1892	1073
1893	701
1894	429
1895	941
1896	909
1897	888
1898	1018
1899	758
19	840
190	20
1900	1064
1901	1538
1902	127
1903	80
1904	863
1905	395
1906	148
1907	68
1908	114
1909	25
191	3
1910	4850
1911	2043
1912	731
1913	1830
1914	2105
1915	86
1916	138
1917	60
1918	538
1919	244
192	8
1920	2411
1921	1937
1922	1614
1923	2543
1924	2478
1925	2258
1926	1398
1927	1596
1928	1362
1929	1659
193	6063
1930	563
1931	2852
1932	3422
1933	5141
1934	2796
1935	1360
1936	5857
1937	5869
1938	3586
1939	2614
194	249
1940	2868
1941	2986
1942	2045
1943	2411
1944	307
1945	304
1946	103
1947	181
1948	3400
1949	171
195	179
1950	765
1951	322
1952	1970
1953	2301
1954	3084
1955	1214
1956	1676
1957	2173
1958	3283
1959	1835
196	23
1960	1717
1961	1747
1962	1343
1963	3003
1964	13164
1965	6599
1966	11946
1967	10474
1968	18926
1969	6853
197	40
1970	4961
1971	11507
1972	7106
1973	6152
1974	12964
1975	2603
1976	2184
1977	2119
1978	1583
1979	777
198	6
1980	3427
1981	518
1982	1290
1983	372
1984	404
1985	930
1986	1403
1987	764
1988	747
1989	705
199	91
1990	1225
1991	1151
1992	1586
1993	1253
1994	1793
1995	7900
1996	7225
1997	8575
1998	5150
1999	1835
2	291
20	98
200	59
2000	715
2001	2426
2002	1027
2003	1772
2004	795
2005	4053
2006	2017
2007	1409
2008	4548
2009	916
201	725
2010	5766
2011	2014
2012	747
2013	982
2014	1588
2015	557
2016	212
2017	1644
2018	954
2019	1930
202	-1
2020	3700
2021	1844
2022	1665
2023	1963
2024	1110
2025	1615
2026	755
2027	1256
2028	1622
2029	352
203	979
2030	924
2031	1139
2032	3565
2033	1993
2034	1270
2035	753
2036	960
2037	5117
2038	4677
2039	4852
204	1102
2040	1731
2041	4487
2042	1541
2043	2357
2044	1539
2045	2061
2046	8211
2047	4279
2048	5950
2049	4852
205	2
2050	4234
2051	7675
2052	975
2053	6151
2054	7626
2055	1445
2056	65
2057	71
2058	82
2059	2685
206	589
2060	11587
2061	5967
2062	7639
2063	11891
2064	2190
2065	1364
2066	2742
2067	388
2068	190
2069	235
207	257
2070	162
2071	3479
2072	3423
2073	2622
2074	4244
2075	2845
2076	1423
2077	346
2078	426
2079	3370
208	1587
2080	1702
2081	2059
2082	1709
2083	1755
2084	1492
2085	1994
2086	2018
2087	2154
2088	347
2089	200
209	1078
2090	169
2091	399
2092	150
2093	2465
2094	282
2095	366
2096	4637
2097	8692
2098	2391
2099	2565
21	8900
210	7608
2100	793
2101	657
2102	2845
2103	2581
2104	2974
2105	1596
2106	3723
2107	3298
2108	5290
2109	2343
211	7107
2110	435
2111	526
2112	979
2113	1151
2114	1531
2115	1923
2116	2769
2117	2149
2118	901
2119	1358
212	4003
2120	1505
2121	1280
2122	1563
2123	2428
2124	1326
2125	2618
2126	1195
2127	3419
2128	1175
2129	2123
213	6168
2130	1487
2131	1695
2132	793
2133	1048
2134	724
2135	361
2136	568
2137	748
2138	395
2139	689
214	6280
2140	612
2141	428
2142	590
2143	1823
2144	446
2145	440
2146	281
2147	593
2148	940
2149	236
215	1522
2150	432
2151	246
2152	296
2153	201
2154	35
2155	216
2156	349
2157	148
2158	135
2159	321
216	1615
2160	123
2161	140
2162	534
2163	437
2164	160
2165	154
2166	196
2167	197
2168	412
2169	230
217	3363
2170	1226
2171	226
2172	68
2173	44
2174	35
2175	1416
2176	1274
2177	1168
2178	1782
2179	679
218	18
2180	1914
2181	1907
2182	1796
2183	3762
2184	164
2185	22
2186	42
2187	78
2188	2647
2189	157
219	1832
2190	158
2191	25
2192	12
2193	269
2194	509
2195	323
2196	164
2197	206
2198	156
2199	105
22	67
220	2015
2200	46
2201	30
2202	103
2203	835
2204	59
2205	12
2206	16
2207	28
2208	48
2209	23
221	2645
2210	19
2211	316
2212	208
2213	65
2214	55
2215	666
2216	297
2217	280
2218	198
2219	85
222	3785
2220	278
2221	110
2222	1700
2223	217
2224	415
2225	1312
2226	174
2227	241
2228	254
2229	69
223	1001
2230	876
2231	536
2232	225
2233	74
2234	3516
2235	661
2236	192
2237	88
2238	2502
2239	1591
224	462
2240	1247
2241	1585
2242	1772
2243	690
2244	3433
2245	1668
2246	1065
2247	2718
2248	2841
2249	2474
225	4365
2250	1043
2251	2298
2252	521
2253	485
2254	550
2255	452
2256	558
2257	292
2258	312
2259	352
226	3057
2260	219
2261	166
2262	388
2263	341
2264	351
2265	459
2266	562
2267	866
2268	409
2269	462
227	15
2270	629
2271	1043
2272	963
2273	205
2274	210
2275	1200
2276	1127
2277	609
2278	98
2279	327
228	119
2280	237
2281	146
2282	827
2283	478
2284	1228
2285	163
2286	2475
2287	3275
2288	1575
2289	1075
229	46
2290	1300
2291	1850
2292	1617
2293	1731
2294	558
2295	421
2296	422
2297	437
2298	347
2299	413
23	1437
230	25
2300	566
2301	164
2302	167
2303	245
2304	587
2305	343
2306	782
2307	186
2308	579
2309	931
231	13
2310	1846
2311	2036
2312	12
2313	164
2314	185
2315	56
2316	151
2317	111
2318	4251
2319	4326
232	13
2320	3305
2321	242
2322	421
2323	0
2324	277
2325	184
2326	1
2327	1548
2328	1175
2329	50
233	18
2330	348
2331	727
2332	438
2333	4
2334	0
2335	89
2336	16
2337	-6
2338	7
2339	4
234	564
2340	513
2341	13
2342	789
2343	16
2344	1
2345	318
2346	47
2347	-1
2348	136
2349	67
235	1233
2350	53
2351	28
2352	1264
2353	545
2354	222
2355	2993
2356	1124
2357	462
2358	12
2359	2691
236	1247
2360	624
2361	157
2362	27
2363	381
2364	145
2365	4574
2366	406
2367	96
2368	1371
2369	6
237	22
2370	14
2371	2039
2372	1379
2373	62
2374	4
2375	2485
2376	701
2377	78
2378	1228
2379	740
238	100
2380	1359
2381	512
2382	632
2383	1
2384	3
2385	128
2386	64
2387	12
2388	57
2389	17
239	143
2390	379
2391	336
2392	100
2393	-1
2394	2
2395	736
2396	147
2397	5524
2398	36
2399	643
24	504
240	101
2400	539
2401	52
2402	2
2403	3
2404	193
2405	2
2406	202
2407	975
2408	554
2409	359
241	116
2410	264
2411	692
2412	222
2413	15027
2414	1
2415	318
2416	13
2417	1105
2418	1416
2419	857
242	121
2420	3613
2421	1969
2422	2755
2423	3717
2424	2023
2425	3268
2426	509
2427	4402
2428	2620
2429	720
243	40
2430	234
2431	33
2432	1600
2433	10
2434	11
2435	207
2436	151
2437	54
2438	12812
2439	5424
244	65
2440	52
2441	292
2442	168
2443	189
2444	215
2445	137
2446	28
2447	39
2448	98
2449	3317
245	921
2450	590
2451	459
2452	44
2453	5776
2454	137
2455	16
2456	49
2457	18
2458	-2
2459	803
246	1872
2460	1024
2461	1785
2462	208
2463	11
2464	172
2465	488
2466	93
2467	455
2468	1
2469	34
247	2119
2470	191
2471	3799
2472	143
2473	438
2474	1507
2475	1669
2476	-1
2477	9570
2478	12
2479	26
248	75
2480	36
2481	638
2482	89
2483	140
2484	7
2485	8043
2486	2135
2487	5897
2488	2015
2489	2787
249	498
2490	2922
2491	497
2492	1944
2493	5215
2494	3728
2495	4271
2496	6343
2497	421
2498	5795
2499	14
25	467
250	22
2500	36
2501	831
2502	1092
2503	25
2504	23
2505	3125
2506	280
2507	53215
2508	115
2509	129
251	573
2510	10297
2511	122
2512	49
2513	1
2514	283
2515	105
2516	2
2517	-1460
2518	29
2519	337
252	297
2520	32
2521	74
2522	4136
2523	5947
2524	5230
2525	24
2526	503
2527	70
2528	120
2529	35
253	443
2530	12
2531	10
2532	46
2533	13
2534	7
2535	12
2536	47
2537	16
2538	15
2539	31
254	108
2540	1
2541	1
2542	12480
2543	57
2544	335
2545	166
2546	83
2547	70
2548	5
2549	960
255	68
2550	47
2551	88
2552	8
2553	3
2554	2
2555	19
2556	14
2557	5
2558	29
2559	19
256	140
2560	46
2561	85
2562	24
2563	183
2564	9
2565	135
2566	6
2567	187
2568	20
2569	49
257	172
2570	66
2571	21
2572	3
2573	242
2574	6802
2575	16
2576	41
2577	41
2578	2
2579	108
258	1037
2580	3
2581	28
2582	358
2583	15546
2584	573
2585	131
2586	3
2587	181
2588	746
2589	160
259	561
2590	144
2591	7
2592	914
2593	1329
2594	807
2595	257
2596	935
2597	112
2598	2
2599	13642
26	1058
260	356
2600	511
2601	930
2602	2595
2603	5722
2604	-1
2605	1
2606	14
2607	160
2608	21
2609	5
261	412
2610	26
2611	35314
2612	294
2613	10
2614	34
2615	12
2616	27
2617	5
2618	199
2619	212
262	501
2620	170
2621	29
2622	73
2623	11
2624	8
2625	2225
2626	506
2627	10177
2628	16138
2629	8241
263	483
2630	4402
2631	3351
2632	293
2633	40
2634	5
2635	488
2636	10805
2637	2913
2638	3941
2639	2
264	176
2640	17539
2641	12940
2642	55
2643	12
2644	2130
2645	522
2646	78
2647	15
2648	1018
2649	-3
265	487
2650	37
2651	0
2652	1225
2653	1521
2654	547
2655	37
2656	282
2657	1376
2658	-3
2659	203
266	676
2660	-1
2661	1663
2662	7
2663	-1
2664	1746
2665	17
2666	39
2667	186
2668	14
2669	27
267	176
2670	451
2671	502
2672	66
2673	20
2674	54
2675	193
2676	530
2677	243
2678	12
2679	1407
268	1493
2680	664
2681	129
2682	129
2683	-1
2684	75
2685	114
2686	222
2687	38
2688	43
2689	3894
269	1167
2690	8090
2691	12
2692	1248
2693	429
2694	495
2695	5119
2696	625
2697	774
2698	2082
2699	324
27	3316
270	1033
2700	9
2701	11
2702	33
2703	86
2704	183
2705	300
2706	570
2707	1875
2708	161
2709	140
271	843
2710	2452
2711	820
2712	103
2713	163
2714	55
2715	3
2716	6
2717	1322
2718	1
2719	4
272	2494
2720	8
2721	2
2722	3
2723	48
2724	19
2725	2
2726	2
2727	4
2728	3
2729	3
273	12296
2730	5
2731	4
2732	6
2733	1
2734	1
2735	1008
2736	19
2737	2
2738	5
2739	1
274	2175
2740	10
2741	13
2742	2
2743	5
2744	2
2745	5
2746	19
2747	1
2748	24
2749	85
275	6589
2750	90
2751	25
2752	47
2753	13
2754	8
2755	22
2756	20
2757	1
2758	9
2759	10
276	126
2760	8
2761	1
2762	54
2763	66
2764	16
2765	0
2766	60
2767	4
2768	9
2769	6
277	1564
2770	3
2771	4
2772	17
2773	7
2774	21
2775	13
2776	19
2777	6
2778	52
2779	8
278	231
2780	57
2781	6
2782	3
2783	7
2784	14
2785	3
2786	14
2787	10
2788	0
2789	0
279	1636
2790	34
2791	16
2792	4
2793	3
2794	22
2795	21
2796	12
2797	13
2798	4
2799	5
28	3760
280	7351
2800	16
2801	17
2802	427
2803	306
2804	269
2805	628
2806	2649
2807	3781
2808	759
2809	143
281	95
2810	110
2811	193
2812	410
2813	6
2814	49
2815	475
2816	5800
2817	700
2818	25
2819	7201
282	1143
2820	4050
2821	17
2822	26
2823	329
2824	4438
2825	200
2826	660
2827	25
2828	50
2829	7
283	3137
2830	29
2831	14
2832	7
2833	13
2834	4
2835	7
2836	13
2837	444
2838	24
2839	80
284	43
2840	270
2841	455
2842	363
2843	387
2844	59
2845	365
2846	532
2847	154
2848	6
2849	200
285	193
2850	225
2851	1025
2852	349
2853	4032
2854	109
2855	29
2856	172
2857	2066
2858	171
2859	61
286	840
2860	425
2861	404
2862	29
2863	27
2864	4
2865	134
2866	5
2867	381
2868	193
2869	157
287	6932
2870	91
2871	445
2872	357
2873	124
2874	1
2875	811
2876	772
2877	19
2878	1666
2879	5
288	837
2880	1
2881	1
2882	46
2883	9
2884	554
2885	2
2886	659
2887	209
2888	186
2889	24
289	773
2890	96
2891	8
2892	24
2893	24
2894	166
2895	28
2896	38
2897	56
2898	389
2899	8
29	2867
290	789
2900	603
2901	134
2902	162
2903	78
2904	18
2905	31
2906	264
2907	268
2908	95
2909	37
291	1245
2910	8
2911	8
2912	20
2913	13
2914	205
2915	17
2916	249
2917	35
2918	91
2919	49
292	1342
2920	20
2921	6
2922	54
2923	6
2924	49
2925	4
2926	21
2927	27
2928	127
2929	130
293	523
2930	489
2931	68
2932	28
2933	33
2934	31
2935	23
2936	40
2937	4
2938	8
2939	2
294	489
2940	12
2941	50
2942	15
2943	24
2944	9
2945	14
2946	20
2947	12
2948	52
2949	1007
295	115
2950	17
2951	101
2952	1507
2953	107
2954	12
2955	48
2956	30
2957	24
2958	14
2959	15
296	6454
2960	11
2961	12
2962	14
2963	19
2964	14
2965	31
2966	518
2967	265
2968	27
2969	45
297	5208
2970	159
2971	44
2972	97
2973	38
2974	57
2975	8
2976	3
2977	2718
2978	96
2979	1
298	951
2980	944
2981	1946
2982	827
2983	2600
2984	1974
2985	195
2986	867
2987	584
2988	180
2989	421
299	3921
2990	4
2991	198
2992	102
2993	21
2994	1926
2995	2261
2996	38
2997	3142
2998	33
2999	1663
3	193
30	762
300	596
3000	43
3001	87
3002	2403
3003	1399
3004	1783
3005	3549
3006	2256
3007	1852
3008	323
3009	196
301	488
3010	16
3011	16
3012	86
3013	13
3014	106
3015	2
3016	9
3017	348
3018	138
3019	96
302	47
3020	160
3021	114
3022	13
3023	72
3024	46
3025	30
3026	600
3027	689
3028	1248
3029	2057
303	43
3030	28
3031	384
3032	7
3033	80
3034	388
3035	128
3036	140
3037	126
3038	86
3039	453
304	93
3040	138
3041	58
3042	55
3043	312
3044	568
3045	870
3046	528
3047	331
3048	347
3049	535
305	35
3050	25
3051	6593
3052	386
3053	8
3054	25
3055	461
3056	1364
3057	791
3058	52
3059	235
306	2416
3060	189
3061	727
3062	20
3063	108
3064	64
3065	18
3066	11
3067	4
3068	5
3069	2
307	4467
3070	337
3071	639
3072	227
3073	142
3074	947
3075	13
3076	3
3077	355
3078	0
3079	-4
308	11391
3080	-8
3081	117
3082	21
3083	200
3084	367
3085	11
3086	28
3087	1501
3088	16
3089	41
309	294
3090	51
3091	5977
3092	67
3093	381
3094	341
3095	450
3096	299
3097	274
3098	3688
3099	2455
31	2664
310	-12
3100	1420
3101	154
3102	73
3103	421
3104	588
3105	322
3106	15
3107	140
3108	13
3109	5
311	122
3110	24
3111	5
3112	8
3113	60
3114	336
3115	12
3116	108
3117	22
3118	160
3119	145
312	89
3120	24
3121	180
3122	175
3123	323
3124	76
3125	461
3126	618
3127	11
3128	61
3129	1876
313	2975
3130	12
3131	6
3132	47
3133	611
3134	676
3135	31
3136	56
3137	1629
3138	51
3139	52
314	2222
3140	603
3141	156
3142	78
3143	70
3144	491
3145	1062
3146	98
3147	25
3148	477
3149	426
315	3000
3150	481
3151	140
3152	150
3153	46
3154	398
3155	1193
3156	2697
3157	1636
3158	293
3159	272
316	49
3160	212
3161	2
3162	59
3163	73
3164	191
3165	76
3166	1
3167	269
3168	13
3169	64
317	1403
3170	4475
3171	392
3172	3285
3173	1662
3174	469
3175	1039
3176	41
3177	46
3178	6
3179	1
318	1109
3180	2
3181	435
3182	390
3183	133
3184	835
3185	697
3186	639
3187	94
3188	95
3189	62
319	131
3190	255
3191	63
3192	135
3193	12
3194	6
3195	16
3196	66
3197	29
3198	53
3199	20
32	1296
320	1416
3200	14
3201	15
3202	19
3203	22
3204	11
3205	60
3206	1
3207	32
3208	32
3209	-3
321	1175
3210	60
3211	18
3212	43
3213	167
3214	2
3215	14
3216	69
3217	2
3218	7
3219	336
322	1708
3220	124
3221	111
3222	46
3223	22
3224	2
3225	4
3226	15
3227	70
3228	99
3229	30
323	4015
3230	38
3231	137
3232	296
3233	38
3234	18
3235	53
3236	139
3237	231
3238	457
3239	-1
324	10122
3240	22
3241	94
3242	185
3243	123
3244	31
3245	83
3246	20
3247	20
3248	3
3249	2
325	1210
3250	34
3251	125
3252	51
3253	203
3254	125
3255	12
3256	126
3257	88
3258	285
3259	45
326	4263
3260	10
3261	103
3262	149
3263	37
3264	70
3265	72
3266	10
3267	15
3268	80
3269	597
327	424
3270	705
3271	990
3272	399
3273	45
3274	43
3275	55
3276	290
3277	84
3278	131
3279	339
328	3322
3280	334
3281	38
3282	142
3283	140
3284	4
3285	3
3286	137
3287	2
3288	90
3289	61
329	3926
3290	87
3291	78
3292	5688
3293	8445
3294	1678
3295	19
3296	17
3297	13
3298	37
3299	28
33	4538
330	9963
3300	305
3301	57
3302	2512
3303	4001
3304	3688
3305	4893
3306	1127
3307	1844
3308	6
3309	935
331	1773
3310	50
3311	12
3312	409
3313	498
3314	169
3315	31
3316	-1
3317	193
3318	11
3319	304
332	11876
3320	307
3321	75
3322	65
3323	10
3324	24
3325	16
3326	1
3327	3
3328	738
3329	751
333	330
3330	585
3331	618
3332	485
3333	884
3334	1052
3335	257
3336	558
3337	1105
3338	210
3339	354
334	294
3340	549
3341	445
3342	491
3343	221
3344	791
3345	131
3346	2895
3347	54
3348	1198
3349	539
335	165
3350	2732
3351	374
3352	1566
3353	448
3354	1979
3355	824
3356	1254
3357	607
3358	362
3359	45
336	118
3360	-1
3361	45066
3362	12512
3363	16557
3364	585
3365	392
3366	457
3367	34204
3368	76
3369	84
337	394
3370	101
3371	77
3372	166
3373	77
3374	816
3375	479
3376	552
3377	456
3378	142
3379	73
338	925
3380	115
3381	453
3382	513
3383	1399
3384	15
3385	46
3386	77
3387	51
3388	2
3389	35
339	427
3390	411
3391	584
3392	103
3393	45
3394	43
3395	48
3396	17
3397	502
3398	201
3399	336
34	1261
340	417
3400	232
3401	1
3402	178
3403	252
3404	350
3405	119
3406	69
3407	428
3408	196
3409	655
341	89
3410	977
3411	1523
3412	290
3413	15
3414	525
3415	393
3416	299
3417	75
3418	873
3419	1134
342	222
3420	912
3421	2210
3422	116
3423	916
3424	14
3425	840
3426	1264
3427	1101
3428	338
3429	984
343	892
3430	787
3431	563
3432	71
3433	13
3434	172
3435	11
3436	3
3437	6
3438	2
3439	4
344	816
3440	2
3441	5
3442	10
3443	2
3444	8
3445	14
3446	4
3447	7
3448	7
3449	10
345	1010
3450	1
3451	7
3452	8
3453	12
3454	8
3455	11
3456	16
3457	10
3458	4
3459	14
346	1174
3460	9
3461	16
3462	8
3463	5
3464	18
3465	2
3466	4
3467	2
3468	2
3469	1
347	449
3470	2
3471	2
3472	1
3473	2
3474	2
3475	3
3476	3
3477	4
3478	4
3479	72
348	419
3480	112
3481	74
3482	4
3483	2
3484	6
3485	4
3486	6
3487	11
3488	7
3489	4
349	189
3490	6
3491	6
3492	6
3493	6
3494	6
3495	6
3496	1
3497	14
3498	6
3499	4
35	31
350	1218
3500	7
3501	3
3502	288
3503	576
3504	0
3505	3
3506	2
3507	0
3508	4
3509	3
351	982
3510	1
3511	3
3512	11
3513	8
3514	7
3515	10
3516	8
3517	1
3518	10
3519	15
352	837
3520	11
3521	21
3522	27
3523	8
3524	20
3525	31
3526	2
3527	8
3528	1
3529	17
353	1123
3530	14
3531	8
3532	13
3533	3
3534	6
3535	4
3536	7
3537	109
3538	19
3539	73
354	5547
3540	74
3541	1
3542	1
3543	7
3544	21
3545	17
3546	8
3547	6
3548	16
3549	1
355	816
3550	9
3551	4
3552	6
3553	4
3554	3
3555	3
3556	9
3557	3
3558	1
3559	1
356	33409
3560	24
3561	21
3562	41
3563	32
3564	9
3565	45
3566	45
3567	31
3568	6
3569	26
357	14261
3570	14
3571	10
3572	4
3573	2
3574	19
3575	28
3576	1
3577	9
3578	9
3579	3
358	868
3580	1
3581	2
3582	2
3583	6
3584	3
3585	0
3586	7
3587	7
3588	11
3589	0
359	1825
3590	6
3591	1
3592	3
3593	1
3594	13
3595	3
3596	1
3597	0
3598	14
3599	1
36	3272
360	966
3600	8
3601	21
3602	11
3603	16
3604	4
3605	5
3606	32
3607	5
3608	12
3609	4
361	2009
3610	2
3611	6
3612	6
3613	5
3614	16
3615	3
3616	8
3617	4
3618	3
3619	34
362	323
3620	30
3621	8
3622	2
3623	15
3624	2
3625	41
3626	66
3627	20
3628	99
3629	76
363	239
3630	43
3631	57
3632	46
3633	46
3634	0
3635	1
3636	1
3637	6
3638	16
3639	6
364	201
3640	6
3641	13
3642	78
3643	105
3644	228
3645	26
3646	40
3647	94
3648	104
3649	5
365	198
3650	2
3651	3
3652	6
3653	63
3654	13
3655	52
3656	39
3657	41
3658	13
3659	34
366	728
3660	22
3661	25
3662	23
3663	47
3664	51
3665	27
3666	18
3667	12
3668	28
3669	15
367	9
3670	40
3671	12
3672	12
3673	14
3674	12
3675	61
3676	12
3677	12
3678	133
3679	-16
368	5
3680	-1194
3681	16
3682	3184
3683	4
3684	3002
369	5600
37	72
370	9981
371	3468
372	2553
373	3120
374	3039
375	2105
376	2116
377	1014
378	173
379	186
38	22960
380	672
381	92
382	165
383	66
384	477
385	364
386	1116
387	1086
388	167
389	263
39	2427
390	163
391	248
392	128
393	2
394	28
395	14
396	501
397	5
398	21
399	43
4	1226
40	1501
400	62
401	65
402	35
403	349
404	326
405	255
406	1788
407	232
408	423
409	920
41	2516
410	865
411	101
412	1536
413	468
414	79
415	1
416	451
417	2812
418	3531
419	149
42	9
420	95
421	663
422	146
423	179
424	69
425	10067
426	538
427	760
428	589
429	11
43	5856
430	14
431	55
432	8
433	904
434	11
435	139
436	8
437	94
438	302
439	753
44	231
440	777
441	304
442	19
443	328
444	125
445	37
446	87
447	195
448	24
449	348
45	134
450	24
451	163
452	161
453	98
454	15
455	275
456	67
457	495
458	294
459	24
46	66
460	33
461	93
462	129
463	147
464	2092
465	1674
466	1037
467	770
468	3562
469	713
47	68
470	1017
471	3778
472	972
473	32
474	29
475	3800
476	2802
477	1016
478	1499
479	1936
48	142
480	837
481	1010
482	1290
483	1718
484	232
485	223
486	716
487	-6
488	36
489	1
49	163
490	206
491	5
492	288
493	59
494	48
495	298
496	1556
497	222
498	67
499	209
5	2374
50	150
500	74
501	1064
502	1574
503	2663
504	914
505	376
506	389
507	210
508	400
509	748
51	33
510	327
511	716
512	318
513	258
514	160
515	115
516	158
517	67
518	26
519	7
52	105
520	192
521	602
522	235
523	193
524	267
525	213
526	123
527	248
528	333
529	491
53	89
530	119
531	22
532	31
533	2517
534	2837
535	1507
536	3315
537	8
538	3
539	1226
54	61
540	5775
541	8600
542	10497
543	6700
544	6350
545	725
546	1884
547	4728
548	3182
549	2381
55	328
550	3581
551	265
552	3181
553	455
554	3083
555	1656
556	434
557	165
558	695
559	1458
56	95
560	1285
561	314
562	2428
563	272
564	5
565	916
566	1872
567	72
568	55
569	803
57	9
570	300
571	1942
572	3702
573	1225
574	319
575	1358
576	1013
577	177
578	542
579	584
58	11
580	144
581	90
582	153
583	1065
584	718
585	197
586	1496
587	1133
588	2151
589	761
59	3
590	221
591	48
592	840
593	755
594	473
595	303
596	900
597	811
598	2512
599	346
6	1937
60	6
600	3251
601	199
602	307
603	720
604	38
605	42
606	53
607	53
608	155
609	60
61	340
610	86
611	948
612	270
613	917
614	109
615	235
616	541
617	1102
618	2334
619	478
62	4
620	190
621	-24
622	116
623	653
624	2173
625	131
626	946
627	0
628	117
629	28
63	1
630	742
631	3
632	74
633	97
634	384
635	0
636	4951
637	4889
638	3935
639	3928
64	12714
640	4505
641	3891
642	513
643	211
644	754
645	104
646	1054
647	804
648	2
649	174
65	195
650	297
651	764
652	32
653	316
654	92
655	24
656	17
657	358
658	303
659	283
66	8
660	214
661	266
662	1230
663	9186
664	4999
665	1357
666	229
667	120
668	138
669	87
67	10
670	84
671	86
672	685
673	1065
674	1141
675	1198
676	405
677	1288
678	301
679	57
68	1367
680	175
681	64
682	371
683	372
684	274
685	231
686	484
687	12697
688	7702
689	177
69	2717
690	77
691	45
692	143
693	131
694	193
695	266
696	367
697	925
698	2959
699	425
7	1067
70	4341
700	1892
701	78
702	2643
703	1942
704	790
705	6
706	32
707	10
708	6
709	11
71	3154
710	1571
711	920
712	834
713	280
714	2
715	117
716	49
717	411
718	1711
719	8227
72	4
720	1181
721	779
722	13251
723	7107
724	330
725	296
726	498
727	421
728	999
729	1138
73	1621
730	178
731	415
732	100
733	1859
734	5246
735	4284
736	204
737	243
738	75
739	132
74	123
740	34
741	908
742	2699
743	2465
744	261
745	211
746	612
747	1196
748	1426
749	93
75	1120
750	6
751	314
752	6354
753	2551
754	785
755	2598
756	3
757	1
758	73
759	1488
76	78
760	1794
761	1855
762	60
763	9
764	52
765	25
766	26
767	590
768	223
769	537
77	3835
770	266
771	2261
772	1331
773	4592
774	1253
775	1495
776	2830
777	1972
778	3506
779	4295
78	255
780	2384
781	1027
782	1446
783	975
784	600
785	1367
786	1017
787	1546
788	5752
789	1071
79	36
790	7876
791	2901
792	476
793	1
794	944
795	402
796	445
797	2562
798	3082
799	1737
8	143
80	5
800	1907
801	1116
802	51
803	685
804	466
805	2281
806	3609
807	36
808	93
809	1575
81	32
810	302
811	7398
812	20912
813	4339
814	4082
815	6997
816	759
817	397
818	400
819	583
82	19
820	9436
821	9667
822	5703
823	11182
824	2434
825	2407
826	1278
827	1762
828	3702
829	1575
83	16
830	149
831	57
832	232
833	225
834	72
835	596
836	418
837	613
838	1159
839	5166
84	29
840	290
841	158
842	1975
843	12063
844	4938
845	24163
846	6427
847	5288
848	7345
849	2199
85	10
850	3285
851	8569
852	3985
853	2037
854	2194
855	2068
856	1207
857	459
858	1163
859	1354
86	6
860	350
861	1131
862	2292
863	1764
864	1560
865	3997
866	2903
867	7846
868	5361
869	351
87	128
870	361
871	336
872	-9
873	1406
874	3795
875	475
876	225
877	725
878	3774
879	360
88	-6
880	1188
881	816
882	6452
883	2216
884	3375
885	950
886	1000
887	1200
888	1000
889	546
89	207
890	4236
891	1230
892	530
893	1725
894	217
895	549
896	589
897	538
898	1572
899	6430
9	5034
90	142
900	2243
901	383
902	424
903	220
904	578
905	425
906	794
907	288
908	989
909	1553
91	154
910	1035
911	8571
912	1300
913	1685
914	1172
915	585
916	2538
917	4260
918	4852
919	507
92	4176
920	15164
921	3703
922	1642
923	1214
924	6831
925	1938
926	668
927	1816
928	2022
929	1569
93	7947
930	1358
931	1581
932	1882
933	1396
934	729
935	513
936	813
937	683
938	151
939	266
94	10223
940	165
941	272
942	101
943	1350
944	616
945	4130
946	5080
947	3129
948	3702
949	1495
95	314
950	493
951	1290
952	219
953	347
954	493
955	332
956	443
957	79
958	4
959	402
96	2026
960	1673
961	992
962	1360
963	1889
964	923
965	702
966	637
967	262
968	333
969	68
97	4240
970	4729
971	4206
972	2440
973	3062
974	3424
975	30
976	1
977	5250
978	1804
979	5267
98	9125
980	2912
981	13987
982	2347
983	2389
984	3525
985	2155
986	1770
987	212
988	2870
989	4119
99	6772
990	97
991	601
992	71
993	266
994	119
995	117
996	127
997	1045
998	1004
999	1611
